-256
-256
-256
-256
-256
-256
-256
-256
-256
-256
-256
-256
-256
-256
-256
-256
-256
-256
-256
-256
-256
-256
0
-256
-256
-256
-256
0
0
0
0
0
0
-256
-256
-256
-256
0
0
256
256
0
0
-256
-256
-768
-768
-1024
-768
-256
0
0
0
1024
11008
15872
8960
2048
5632
8192
4096
-8192
-3584
-1792
-8960
-9216
4352
-2048
-10752
-19968
-18432
1536
14592
17152
0
-6912
-1024
8192
2304
-17152
-16640
-8960
-3328
-8192
-12288
-256
4096
-3584
-1024
9472
13312
5632
-1792
8192
16896
3328
2048
10496
14848
4352
-11008
-1792
5888
-8960
-14592
-14848
-9984
-3584
16896
20992
19712
6144
-6144
-18944
-15616
-3328
-7680
-13568
-14592
8448
13568
7680
-4352
5120
6912
-1280
-4608
10240
4864
-2560
-11776
-13056
-1536
12800
15104
-11008
-17408
4096
10752
3328
-23808
-23808
-16128
-7424
-7936
4608
1792
-768
-5120
-6400
-5120
-1280
1792
6656
7424
11264
27648
29440
25344
15616
20480
24576
21504
13568
-9984
-1280
5120
-18688
-26368
-3840
-1536
-5632
-10240
-10496
-14592
-19456
-19968
-16640
-16128
-16896
-3584
3584
13056
15872
17408
15104
15872
16896
4096
256
16384
12800
2560
-7168
4608
9216
-2048
-19200
-16128
-6144
-6144
-9472
-13568
-18176
-21760
-19456
-15872
-12800
-9216
-2304
2048
6656
13824
16128
19200
19456
18944
19200
18688
17408
16640
14592
6400
1792
-3072
-13312
-16640
-21248
-21248
-21248
-19200
-16896
-14080
-6144
-3584
3328
5888
6656
10240
13568
14592
13824
14848
15360
14080
13056
9472
7168
4864
0
-2304
-6400
-8704
-10240
-13568
-14336
-14848
-14592
-14592
-13568
-12288
-11520
-9728
-6144
-2304
-256
1024
3584
4352
5120
10240
10496
12288
12800
13056
13312
13312
13056
12032
11520
9728
8704
7680
5376
4096
2816
256
-1024
-3328
-4608
-5632
-7680
-8448
-9472
-11008
-11520
-12288
-12544
-12800
-13056
-13056
-12288
-11776
-11008
-9984
-10240
-10752
-8192
-6912
-3328
-1280
512
3840
4352
4352
6912
8960
9216
6656
3072
9216
11008
10752
10752
10752
9984
9472
9728
8448
7936
8960
10496
10240
9216
8704
7936
6144
4608
512
-1024
-3072
-6400
-7936
-9472
-11264
-12032
-13568
-13824
-13568
-13568
-13312
-13056
-10752
-9472
-9216
-13568
-18176
1536
6400
6912
5888
4096
-512
-3072
-4352
-512
2048
3584
5376
5888
6912
7424
7936
9216
9216
9216
9216
9216
8448
7680
6912
4864
4096
3328
3328
1280
-15616
-14080
-1024
4864
7168
-256
-7424
-7168
-7680
-15872
-19968
3072
256
-3840
-3328
1280
1536
2304
768
256
0
768
1536
1536
3840
4864
5888
5632
5888
5120
4608
2816
-6656
-4864
-3840
-13568
-20992
-3072
7168
3840
-1792
-6656
-13056
-17152
-18944
-19456
-18432
-16896
-12800
-9728
-3584
-512
4096
7936
11008
14336
15104
14336
13312
15872
-512
-6144
1792
15872
14336
14336
5888
1536
-4864
-10240
-17152
-5888
-1792
1280
768
1792
3840
4864
5888
7168
8704
11520
13312
13824
2304
2560
13056
3840
11520
17408
17664
13056
5120
1536
-3840
-9728
-11520
-14336
-15872
-16896
-8960
-5120
-3840
-7936
-2048
4352
3840
3584
768
-1792
-4352
-7936
-7936
-13056
-14080
-11264
-11008
-11264
-14336
-14336
-13312
-6400
-6912
-6912
-7424
-7680
-7424
-6400
-5120
-6912
-11776
-13312
-2048
6912
16640
15360
12800
3328
512
-256
-4096
-6656
2048
4864
8704
10240
9728
9984
8448
6400
2560
3328
8704
10752
11008
9984
8704
7936
5888
4352
2560
3584
4864
-768
-5632
-2304
8448
256
-3584
-1792
1536
1536
8448
14848
4864
1792
-3328
-9984
-11264
-8704
-6144
-4864
-6400
-1280
8960
12288
11264
8960
13824
11520
9472
6912
-3840
-9984
-7680
-4608
-10496
-9728
-7680
-11520
-26112
-22784
-13568
-13824
-20992
-15616
-768
-1024
-5376
-6400
-7168
-12800
-13568
-8960
-5888
-4864
-3584
1536
7680
9984
6144
2560
16128
20480
16384
8192
1536
11776
9216
2560
-15104
-12032
-3584
5120
7168
-9984
-1536
13568
4096
-256
-2304
-7168
-7168
-6400
-6656
-10240
-2816
11008
5888
7936
14592
18688
16128
21760
8960
8704
16640
6144
-4096
9984
10240
-9216
-13824
-4864
-20992
-7168
2048
-7424
-9728
-10240
-9728
-9216
-9216
-8192
-7680
2304
13312
18688
17152
5632
16384
17664
-6400
-6144
-4864
5376
8704
4864
14336
7168
-5120
-14336
-24832
-18944
-15872
-17408
-24832
-18432
6144
6144
3584
3328
7680
11520
15616
10496
-9984
-7680
4352
15872
3840
-9984
-1536
5376
13056
6144
-9984
-13312
1536
-10240
-13824
-6144
-15360
-12800
-1536
-5632
-11520
8448
8192
-4352
2560
18432
10240
-1024
15872
-8448
768
17920
14080
-4352
-11776
17664
12288
-4352
-13824
-18688
13056
11520
-3072
-20736
-11776
17920
13824
4096
-512
-5888
-9728
-21760
-14848
8704
-3840
-9728
-12800
-5888
12544
-1536
-12288
8704
15104
11264
2048
3328
-14592
-20992
-10240
10752
6656
-6400
-9472
6656
12544
1536
-12800
-9472
7936
20224
12032
-2304
-4096
13568
12544
-10752
-7680
12032
11776
15616
-3584
-7168
4864
2560
-12288
-6656
5376
2816
4608
8448
-3328
-5888
11008
-3584
-14848
-5888
1792
-10496
-16128
2304
-13568
-768
2816
-4864
-8448
-1280
12288
5632
-7936
-12288
-256
16640
0
-10240
-8704
5120
16128
1280
-6400
-7168
-3072
-3584
-12800
-7424
1024
-6656
-1280
10752
3840
2816
23040
20224
6912
18688
21760
15360
5632
-6400
-8192
4864
5632
-9728
-20224
-13312
11776
0
-11776
512
-1024
8704
5632
-1024
-17152
-7680
5888
-7168
-1536
1280
-7424
15104
16128
-1280
-5120
11008
15872
-14080
-12544
4608
-4352
-6400
-3072
-18176
-11008
11264
-4096
-13824
1792
14080
-8960
-9984
1536
-6400
8704
-3328
-8960
-3584
5376
4608
-4864
1536
5632
9216
6144
-1024
-6400
-6912
6656
6144
-2560
8704
5632
-6656
-11520
-10240
-1024
-9472
-16128
-6912
-9728
-15360
-12544
-8448
-9216
-10496
-7936
-512
2048
2048
4096
8192
19200
20992
20224
13824
15872
20480
16128
7680
3072
9472
12032
-7936
-16128
-15616
3584
6912
-14336
-23552
-21504
1792
5632
-6144
-18432
-16896
4608
-2560
-11776
1280
11776
-6400
0
9728
6912
22784
25344
-3584
-9984
13568
17152
512
2048
2048
-768
9728
-4864
-18944
-12800
1792
-768
-10496
-14592
-16128
-13824
12032
512
-1024
8192
8448
1280
-16640
-13056
13056
6656
-10496
-9728
6912
-4608
-8192
512
-6656
9472
17920
-1792
-15360
-17920
-3584
2816
1792
-9728
-15360
7424
16128
13824
1792
-6144
-768
17408
27392
3840
-2304
17152
25344
21504
-6400
-15872
11264
9216
-6912
-24832
-23552
-18944
15360
14592
-15872
-5888
11520
-3584
-17664
-16896
12800
7424
-11776
-8448
-12544
14336
26880
20736
-3328
5376
12288
-2816
-12288
-5888
10496
20480
2560
-11008
-11520
-768
15360
10752
3072
-13056
-11264
2304
-23296
-16384
3840
3840
768
-24064
-24832
-19200
-2560
-7936
-7936
10496
19200
11264
19712
21504
-9216
-8960
7424
5632
-12544
-23296
-8960
5120
-10752
-18688
-768
19712
19200
-1280
-13568
3840
19968
15360
-6912
-11520
-7424
18432
17920
-512
-13824
-13056
12800
4864
-19200
-14080
-7424
-15104
-2304
8448
-11264
768
7936
-10240
-17920
8704
11264
-768
-13056
-2560
-8448
9728
14336
-11520
-6656
9216
24064
15872
-11520
-7424
6912
16896
6144
-6912
-12544
-4864
17152
3840
-7936
8704
16896
13824
-16128
-22528
-10240
-16384
-13824
-7936
-17920
4096
14080
9728
-19456
-14080
-3328
1280
-1536
-17152
-17664
-9984
25344
19200
5376
-4864
9728
16640
5376
-5888
-2816
13824
27392
12544
-2304
-2304
14592
21504
-4096
-12032
-12544
1024
15872
-2048
-15872
-16384
11264
4864
-18688
-7680
4864
-15616
-6912
7936
-12544
-7168
18432
3840
-9728
9472
23296
17152
-9984
-10240
10240
23040
22528
-7936
-15872
-4096
14336
7680
-18176
-23552
-20224
10752
5376
-3840
-8192
6144
16128
9216
-6656
-1536
11264
-3584
-7680
-5632
18688
17408
2816
-4864
-4608
-11776
4864
4608
-22784
-27648
-18688
13312
8192
-10752
-21248
-22784
10240
19968
8192
-14336
-4864
24576
13312
-1024
-8960
3072
23040
21248
6912
-12544
768
18944
1536
-14848
-19456
1536
8960
8448
-12544
-20224
11520
9216
-21248
-18944
1280
-6400
-14336
-11776
-21760
-14080
21504
11264
-8192
-1280
18176
20224
-11520
-19712
-8704
14080
22016
-4608
-14080
-8704
14592
14848
-4608
-17664
-17152
12032
15360
3584
-5632
4864
18688
14336
-1536
-7936
3840
14592
-3584
-4608
17152
9984
3584
7936
-7680
-19200
-512
6912
-16640
-26368
-21504
8960
7424
-11520
-18176
-16640
15360
21760
13568
-9472
-5120
24064
20224
7680
-12800
-6144
9472
17664
9216
-20480
-13056
5120
1536
-14080
-17152
-5120
1280
4608
-5120
-17664
-2304
14848
-9216
-16128
-8448
16128
0
-7424
-768
-11520
18688
23040
9216
-12800
-512
17152
4608
-10240
-15360
-6912
14592
10496
-2560
-12288
-2048
17664
4096
-8192
-11264
4608
5888
-512
2560
14592
10496
7168
11776
-11264
-10496
11776
6400
-13056
-6912
3328
5888
3840
-6912
-23808
-18688
-1792
8704
-4096
-15616
-2048
16640
12800
0
-13568
-6912
13568
22784
-1024
-13824
5632
20736
14080
-16128
-19200
-14336
18688
16896
-15104
-19968
-6656
13056
-2560
-21504
-9728
5120
768
4864
-8704
-11520
8192
9472
-7936
-15616
14592
14592
-3072
256
-3840
5120
20480
15360
-14848
-14336
-1024
16640
4608
-17152
-15360
-4096
19200
7424
-8448
-9984
5632
14336
-1280
-15872
11264
14336
1280
-19712
-9472
12800
4608
1792
-6400
-17152
8448
23040
15104
-13312
-7936
5376
16896
11776
-17664
-22528
-14336
17664
9216
-4096
-17408
-8192
15104
5376
-8192
-12288
0
16384
6912
-7680
-9984
4864
17408
-1024
-11264
-12544
7168
17664
6400
-7936
-8960
11520
7680
-13312
-14080
-5376
-1536
-1024
2304
-11776
-4352
14848
5888
-4864
-256
12544
13568
-7424
-12544
-4352
13312
18176
-3840
-14336
-12800
11008
16896
-6144
-17152
-15360
13312
15360
7424
-20992
-18176
10496
10496
-2816
-7936
8704
3328
-7168
-9728
6912
1536
-3328
2816
-1280
-2560
10240
22016
5376
-6912
-7680
11520
7424
-11520
-18944
-18944
5888
11776
3584
-21504
-17152
9728
7168
-2048
-19456
-14592
256
13568
8448
-11264
-5376
11008
12288
2048
-6656
3584
15616
20992
8448
-5632
10240
20480
-3840
-14848
-7936
8448
-6912
-14592
-14080
-22784
8192
9216
-5376
-18688
-3328
10752
-5120
-16896
-16640
-3328
15104
7424
-6144
-11520
12544
19712
-2560
-5888
0
11776
11008
-2304
-4096
5632
18432
12544
3840
-11776
-1024
11520
1024
-10752
-8192
3840
9984
3840
-6912
-15360
-6144
9216
6656
-5120
-13312
-256
13568
5632
-7168
-15616
-2048
12032
11520
-8704
-14592
3328
11776
6656
-12544
-13056
-6656
12800
12032
-8704
-10752
-2304
11264
1024
-9984
256
9728
5632
3584
-7936
-5120
10496
3584
-9472
-10240
15616
12544
-2304
-18176
-14336
18176
19456
9216
-18432
-11264
6144
9216
-4352
-17920
-12544
5632
16384
4864
-9472
-2048
14336
8192
-5632
-12288
10752
7680
-5376
-8448
4352
768
768
4608
-9984
-15616
4096
14080
8448
-14848
-12544
-768
12544
9728
-15616
-20736
-14336
12800
6144
-6144
-13056
512
15104
3072
-14848
-7936
8448
17152
6656
-9728
-7424
10240
9472
-3072
-14592
-256
14848
15872
-3584
-14592
5632
14848
5888
-15360
-7168
7168
-4096
-1024
-11008
-11520
3840
14080
-1280
-11008
4864
13568
-8960
-20224
-20224
4096
17664
3584
-12800
-15872
13568
16128
6144
-14848
-15104
12544
18944
12544
-13056
-6400
8448
13312
-1280
-12288
256
17664
1280
-13056
-12288
9728
10752
8704
-4096
-19968
-10496
9472
4864
-11264
-21504
-1024
16384
12032
-13312
-20224
-2048
18944
18176
-8704
-16128
-6912
19712
9984
-17408
-16128
-7168
16896
11776
-3840
-14592
512
13568
-1536
-15360
-7936
11008
15104
1536
-16640
-3328
15872
15616
-16384
-15104
15872
8960
-4096
-11776
-18432
-9984
23808
15104
-13312
-5632
13056
13568
512
-14336
-9216
11008
15872
1536
-12800
-1536
17408
17664
-7168
-17152
-1024
16640
13824
-9216
-8704
5120
8704
4864
-19200
-22016
-10240
14592
3072
-18176
-11776
1792
15360
12544
-1280
-18432
-11264
18432
10496
-3840
-13568
-2304
16640
7424
-8704
-13312
256
17152
3584
-12032
-17920
2816
17920
2304
-12800
-16640
8704
16896
10752
-15104
-13824
15104
11008
-2816
-10752
2304
11776
11776
10496
-13824
-3840
12544
768
-12800
3072
15872
9984
-9984
-12800
-16640
13056
18432
-3840
-17920
-12544
16640
9984
-768
-18688
-14848
19456
18944
10240
-14336
-6912
8960
11264
-3840
-6912
9728
14336
-11520
-11776
1792
4608
-2816
2304
-7680
-19200
-1024
16384
-1280
-15616
-19968
-1024
16640
18688
-7680
-20480
-3072
16384
16384
-11520
-20736
-13056
17664
9216
-15872
-18688
-14592
20992
18688
7424
-14080
-2048
18432
6400
-7168
-15360
-6144
15104
12544
-4096
-8192
9728
18944
-10752
-21504
3584
11520
-2816
-1792
-12544
-18176
17664
16640
-13824
-15872
768
15360
1280
-11776
-14848
-4352
25088
15616
0
-6400
9472
20736
-1792
-11776
-13568
-256
18432
8704
256
-13568
7168
10752
-9216
-16384
-8960
15104
6400
-7680
-13824
-4608
10496
13824
10496
-12544
-18432
6912
16896
8960
-16640
-15360
-5888
14080
6912
-18176
-16384
-5632
15104
7680
-7168
-11520
3072
9728
-1280
-14336
-10752
6400
17920
