31.186064
30.720172
29.283106
26.742974
22.837232
17.276845
12.142449
12.040613
11.463423
8.427205
6.075769
9.079662
11.631755
12.873854
13.548673
14.257416
15.198664
16.140306
16.642469
16.240105
14.428456
10.788404
9.100433
12.894414
15.134378
14.792049
10.836404
-1.909145
12.429666
17.580785
19.442956
19.135200
16.538910
10.175142
4.989638
12.028637
13.462509
10.249575
-19.576897
12.335004
18.010753
20.397261
21.040163
20.723415
20.617491
21.714744
23.327496
24.519911
25.036257
24.964009
24.541050
24.091124
23.900908
24.084080
24.618076
25.445136
26.458910
27.482369
28.321455
28.818245
28.857739
28.349919
27.208428
25.329458
22.571884
18.818784
14.962373
14.950090
17.320874
18.907039
19.399866
19.144280
19.215922
20.729906
22.801735
24.242193
24.672038
24.110902
23.065260
22.974348
24.436220
26.035516
26.891224
26.827972
25.803780
23.653919
19.925672
15.802626
19.529074
23.853764
26.267236
27.370691
27.931119
29.062462
31.107794
33.184311
34.628964
35.293995
35.334642
35.237055
35.694701
36.810286
37.976446
38.715233
38.913067
38.720898
38.500566
38.618977
39.052556
39.414744
39.330206
38.548117
36.848168
33.930839
29.645223
27.574208
30.611627
32.940765
33.842381
33.901890
34.174746
35.583379
37.547365
39.122606
39.934260
39.913284
39.169656
38.255441
38.383901
39.831169
41.401462
42.330022
42.403237
41.555492
39.753367
37.171405
34.996996
35.004843
35.955690
36.300441
35.857878
35.072614
34.650829
34.769784
34.830474
34.239339
32.630945
29.575316
23.833944
8.539905
22.101945
27.567005
30.423439
32.191288
33.311051
33.919946
34.041663
33.693112
33.021934
32.491009
32.726118
33.719196
34.876768
35.801871
36.375315
36.523383
36.067371
34.652985
31.619105
26.158827
27.297987
32.674850
35.497917
36.719504
37.178568
37.771835
38.913889
40.072306
40.589626
40.094308
38.338280
35.279963
33.034079
34.828874
36.773342
37.075298
35.462120
31.265839
26.501223
32.163069
36.190276
38.116129
38.794777
38.711459
38.288652
37.986065
38.154067
38.782551
39.572864
40.214920
40.498977
40.296119
39.538245
38.275953
36.915781
36.384125
36.980539
37.703051
37.664096
36.379596
33.440254
30.080278
32.751709
36.517338
38.652703
39.549475
39.644751
39.343014
38.942016
38.443906
37.651162
36.647479
36.285285
37.215331
38.466485
39.020523
38.485532
36.738871
34.146440
32.939550
34.301635
35.694209
36.529819
37.692343
39.647441
41.694877
43.188249
43.921372
43.870250
43.042293
41.406263
38.768497
34.279376
21.985526
30.419814
38.390739
42.542372
45.065658
46.488573
46.992385
46.628517
45.375451
43.169135
40.011446
36.485785
34.310636
33.294984
31.211345
28.423984
31.112191
34.959376
36.964773
37.369121
36.399137
34.246332
31.677971
30.542274
30.543375
29.389034
24.992919
14.874601
27.792129
33.226194
35.987186
37.269378
37.443201
36.657862
35.128457
33.629255
33.404677
34.017965
33.975224
32.311697
27.814591
22.773794
30.212949
34.463655
36.385026
36.851019
36.232634
34.747701
32.544389
29.705583
27.010095
27.758775
30.711007
32.622307
32.837867
30.893250
24.850489
15.898438
28.403624
32.134958
33.746520
35.923112
39.388175
42.626331
44.912964
46.177511
46.467539
45.853756
44.567022
43.401566
43.491306
44.449555
45.076329
44.809514
43.441256
40.779595
36.614139
32.164409
32.582664
34.887201
36.730276
38.486430
40.104449
41.310122
42.009625
42.248800
42.033029
41.154127
39.029434
34.281037
31.083791
39.117151
43.795116
46.384553
47.632003
47.817531
47.045341
45.343970
42.740825
39.379817
35.485444
30.074225
23.216226
34.627709
40.689638
44.347177
46.663512
48.041529
48.669169
48.636100
47.986188
46.781998
45.260251
44.082780
43.978984
44.601684
45.067230
44.884294
43.824443
41.627498
37.669233
30.320064
31.191205
37.359577
40.276032
41.356791
40.969484
39.014835
35.446334
34.630365
38.755547
41.809750
43.427242
44.043150
44.000793
43.535544
42.665215
41.062844
37.936044
31.800062
32.779766
39.001425
42.038843
43.089091
42.533692
40.268961
35.789394
31.474049
35.209236
38.075108
39.182750
39.701113
40.600641
41.795382
42.537573
42.296714
40.688114
37.071047
30.681023
32.650690
37.417992
39.438898
39.672093
38.515763
36.131942
32.817361
29.789041
28.942202
30.040586
32.030459
33.976491
35.245310
35.747316
35.918731
36.592457
38.004709
39.441210
40.301797
40.380885
39.668592
38.274546
36.450377
34.473891
32.152907
28.276685
17.868976
21.674667
29.312393
31.933867
32.206405
30.786906
29.289044
30.960690
33.695952
35.358134
35.824431
35.303908
34.156236
33.056083
32.629465
32.536727
31.885722
29.899043
25.830523
24.122565
29.592934
33.280023
35.074630
35.396317
34.341277
31.958653
29.680452
31.106210
33.728426
35.253794
35.632708
35.129313
34.120612
33.137494
32.590638
32.417240
32.425566
32.756261
33.717510
35.260601
36.964799
38.435239
39.435195
39.822949
39.481285
38.260750
35.911850
32.073388
28.234764
30.800911
34.294933
36.279894
37.047809
36.775367
35.456837
32.974605
29.435112
27.021799
28.089463
29.409296
29.918879
30.315286
31.063439
31.611310
31.166041
29.111902
25.224084
24.869160
29.108834
31.818939
33.205394
34.103391
35.111098
36.185123
36.902543
36.970344
36.342699
35.245332
34.222554
33.743781
33.566685
33.182029
32.484268
31.779613
31.314445
30.821457
29.825560
28.122095
26.025716
24.399921
23.797984
24.335180
26.033225
27.859866
28.824156
28.631264
27.740594
27.930616
29.801011
31.446687
31.912802
31.022013
28.846682
26.140911
24.433098
22.384702
15.969113
23.293184
30.525444
34.391748
36.476911
37.442171
37.808710
38.118476
38.639805
39.109371
39.069994
38.185479
36.270312
33.541828
31.811034
32.611859
33.574486
33.344403
31.805121
29.598706
28.944278
30.235450
31.206468
31.079987
29.988156
28.818249
29.237348
30.993770
32.516757
33.162935
32.741537
31.091521
28.168846
25.626403
26.678944
28.117131
27.700946
25.283494
24.896509
29.173362
32.283655
33.572800
33.238085
31.304454
28.297088
28.032868
30.717845
32.482465
32.845886
32.026142
30.290208
28.012177
25.744717
24.528720
25.495768
27.275158
27.980759
26.462358
19.621924
18.297103
29.203482
33.541794
35.541539
36.069981
35.687096
35.416875
36.352931
37.916852
39.014225
39.210745
38.385572
36.472577
33.490295
30.155142
28.767720
29.383110
30.129790
30.873988
31.855218
32.970998
34.189155
35.618470
37.129025
38.356662
39.008010
38.994773
38.528644
38.303029
39.023859
40.289685
41.254293
41.496596
40.908007
39.589406
38.104831
37.635797
38.380188
39.166200
39.256810
38.417794
36.497549
33.177041
27.530219
17.584033
22.884097
27.036038
28.461062
28.889472
29.519848
30.790185
32.049825
32.600690
32.040340
29.953140
25.412715
17.571503
22.742902
26.565832
27.050229
24.536436
16.135918
17.904062
25.472883
28.061849
28.170015
26.069834
21.511899
20.796745
25.643628
28.405725
29.464268
29.372904
28.529356
27.410576
26.686277
26.888876
27.891918
29.205265
30.496511
31.658202
32.693897
33.604812
34.325857
34.730187
34.664438
33.963605
32.430807
29.789018
25.671878
20.648757
19.400613
18.899730
10.814858
17.544783
26.751911
31.177969
33.501290
34.352664
33.906720
32.183092
29.617731
29.012047
31.447317
33.705309
34.965295
35.357080
35.026741
33.990235
32.055495
28.689165
23.211399
23.457671
28.543694
31.281042
32.273530
31.898697
30.221184
27.079892
22.213609
17.915031
19.603441
21.416826
21.898153
21.547354
20.541636
18.764111
17.572933
20.727336
25.135115
28.554406
31.008383
32.700263
33.772045
34.320602
34.421156
34.136966
33.514861
32.576796
31.336773
29.896435
28.656735
28.313847
28.990136
29.973596
30.654514
30.746859
30.060451
28.334798
25.152306
20.833311
21.601530
24.981728
26.476541
26.197200
25.046438
25.850706
28.876148
31.503003
33.181722
34.177261
34.921579
35.821161
37.001083
38.284360
39.444237
40.340612
40.899421
41.072208
40.822397
40.131793
39.019029
37.569229
35.967818
34.487311
33.328857
32.380820
31.192700
29.212533
26.887169
28.654219
32.915832
36.065293
37.964885
38.885358
39.100023
38.919653
38.616184
38.177831
37.207105
35.011796
30.170804
11.596063
27.249052
32.461513
33.829570
33.199186
32.210462
33.408863
35.496519
36.484605
36.032567
34.727520
34.970303
37.352020
39.358766
40.127980
39.569741
37.584554
33.854349
27.535988
16.915725
19.867927
26.523650
31.503296
34.666795
36.109106
35.897706
33.830492
29.143142
22.207586
26.327298
29.444828
31.036610
33.475778
36.293126
38.207425
38.813120
37.956754
35.343281
30.550970
27.542385
30.488943
31.574547
30.643483
31.100451
34.442815
37.078523
38.140810
37.669397
35.675364
32.464586
30.556702
31.683012
32.778527
33.579381
35.176006
37.145221
38.404456
38.435722
36.902149
33.162052
27.436505
31.231587
35.606325
37.764857
38.754640
39.246861
39.594046
39.767372
39.513970
38.580958
36.760804
33.787408
28.993309
19.436929
20.348857
27.796709
30.927219
32.040458
31.506336
29.262171
26.184576
27.327903
30.381838
31.846949
31.638300
30.014341
28.027013
28.373723
30.533430
32.414228
33.712386
34.473216
34.542092
33.606225
31.464428
29.817370
32.365829
35.559043
37.361700
37.756850
36.831198
34.731960
32.529693
32.597544
33.842023
34.130625
32.998288
30.924322
30.379186
32.211862
33.674300
33.823948
32.582079
29.919661
25.936833
21.954236
21.179671
23.677476
27.282975
30.281729
32.183110
33.045544
33.064178
32.522284
31.844209
31.617712
32.338558
33.840011
35.409450
36.445355
36.589058
35.530636
32.724581
26.616878
21.128871
29.038774
32.105034
32.532996
30.949648
27.589835
25.218803
27.119296
28.591454
28.481635
27.863446
28.592837
30.260258
31.361354
31.543607
31.108257
30.608855
30.323318
30.020684
29.745946
30.293043
31.775786
33.107497
33.515401
32.661977
30.242928
26.094751
24.575537
28.576519
31.779332
33.883018
35.230782
35.849833
35.599031
34.296603
31.906469
29.498244
29.569290
30.582808
30.220551
28.064531
26.602302
29.421917
31.942087
32.755281
32.648430
33.777299
36.591309
39.125718
40.611923
40.979137
40.219954
38.249947
34.917497
30.630840
28.920909
30.057261
30.219044
28.945189
27.395779
27.914268
29.893559
31.555197
32.526145
32.780296
32.178509
30.360620
26.435444
16.839393
20.433721
27.470576
30.712219
32.653509
34.118785
35.329825
36.159325
36.383289
35.784773
34.092692
30.752092
23.863429
11.617684
25.327697
28.987224
30.006656
29.504861
28.057763
26.562987
25.965429
25.784972
24.993251
23.456505
22.525748
23.384333
24.500107
25.110468
26.179476
28.393752
30.708295
32.233746
32.701585
31.995577
29.897647
25.818985
17.702301
11.371627
18.321751
18.411305
12.514607
8.143135
19.197545
22.996906
24.616309
25.621797
27.024816
28.741592
30.132740
30.895040
31.101286
31.085031
31.236450
31.579607
31.712255
31.191082
29.710667
27.183037
24.576492
24.537871
25.866815
26.226402
25.132211
22.541602
18.776561
15.691477
14.696050
14.219655
15.215261
18.048371
21.527928
25.205744
28.445913
30.745746
31.876202
31.647563
29.647268
24.614728
17.011951
25.584652
29.647204
31.256992
31.932377
32.731788
33.777352
34.312211
33.586282
30.731002
22.885912
21.575347
29.913248
32.423284
31.990894
28.282446
18.551214
27.061267
31.961525
33.422569
32.894275
31.835477
32.893029
35.103374
36.297620
35.942647
33.919530
31.173558
32.177195
35.031199
36.434795
36.085458
33.713112
27.800937
6.683691
28.146512
32.326528
33.587015
33.216936
31.583998
28.692556
23.929273
13.691384
18.437540
26.054101
30.237043
33.089499
35.122382
36.475293
37.185128
37.300520
36.971002
36.518417
36.314536
36.380795
36.326915
35.746534
34.412116
32.278882
29.586952
27.058501
25.483734
25.116783
26.100756
27.713853
28.963731
29.674219
30.329323
31.369311
32.458558
32.927201
32.310154
30.356067
27.735969
28.085150
30.531359
31.718840
30.972508
27.737678
23.186903
28.205270
32.620168
34.719790
35.233915
34.459196
32.479887
29.295387
25.017437
20.725566
20.130115
23.136563
25.907336
27.233131
26.665590
23.094942
6.334494
22.024883
28.353263
30.939360
31.544283
30.571833
28.134036
24.725807
22.318655
20.866283
17.565736
21.517507
28.089253
31.967507
34.049580
34.831184
34.613348
33.786026
33.091924
33.241162
33.916088
34.337860
34.075851
32.927747
30.680500
27.042576
22.932808
23.631978
25.768089
25.691497
22.114906
-1.034590
22.970607
28.867861
31.209836
31.352460
29.150403
22.320804
16.996221
28.197370
31.890731
33.000314
32.275316
29.868123
27.092518
28.376882
30.928343
31.812450
30.481329
25.169883
17.615720
30.741042
35.829878
38.480634
39.698621
39.794848
38.857544
36.906520
34.201586
32.195720
32.480851
33.357602
33.404884
32.400930
30.461038
27.910294
25.312189
23.147803
21.973832
22.765863
24.543871
25.759126
26.028057
25.642823
25.434708
26.173255
27.469653
28.531612
28.924296
28.335758
26.201368
20.783073
13.904131
24.944447
29.673537
31.918303
32.615910
32.035962
30.228374
27.266608
24.153190
23.633084
24.934487
26.076025
26.988168
27.746279
28.065999
27.592161
26.070954
23.443561
20.644099
20.278632
21.370654
21.648797
20.736797
18.871208
16.683763
15.339385
15.677900
17.032645
18.216368
18.517101
17.805242
17.622818
20.712228
24.716603
27.775370
29.731240
30.624668
30.415882
28.973639
26.375837
24.952911
27.232911
29.450551
30.065307
28.762435
24.535906
12.077352
22.676068
28.048675
29.970463
30.078469
29.210065
28.779490
29.868374
31.437674
32.535345
33.034831
33.052073
32.644369
31.722972
30.124914
27.864394
25.760075
25.295440
26.036848
27.305439
29.529240
32.210886
34.431318
35.842270
36.449143
36.410801
36.009340
35.567887
35.178502
34.561179
33.312248
31.265872
29.381478
30.057358
32.171142
33.690157
34.289798
34.091582
33.234302
31.771777
29.597209
26.445082
22.769773
22.964358
25.989597
27.954267
28.632907
28.308061
27.382335
26.556799
26.486746
26.947944
27.399204
27.921121
29.081973
30.899016
32.660548
33.788570
33.990493
33.019870
30.402364
24.621833
9.346557
24.253516
28.358205
29.333547
28.429666
26.484460
25.733262
27.021716
27.928043
27.301524
24.553208
17.994287
15.591296
23.510085
27.429266
29.788590
31.343382
32.244173
32.422218
31.741881
30.015890
26.922149
21.871765
17.423465
22.103460
26.367898
29.273674
31.244868
32.371132
32.635444
31.979712
30.289995
27.341872
22.695242
15.875135
11.687908
11.335062
3.297261
11.458525
19.623642
23.675855
25.804697
26.568945
26.074182
24.212541
21.409026
21.901255
25.638832
28.422175
29.866027
30.145649
29.336048
27.404910
24.271030
20.099171
16.200040
13.818800
13.848932
18.448945
22.502515
24.693781
25.221154
24.496278
24.231531
26.483951
29.239180
30.936199
31.332755
30.330222
27.607115
22.265729
15.435965
19.902104
22.547334
24.110842
27.123092
30.506028
32.963183
34.318902
34.676481
34.190502
33.127083
31.987803
31.320421
31.112536
30.951107
30.740933
30.799821
31.321707
31.999768
32.417401
32.378854
31.889379
31.086699
30.205255
29.514697
29.189726
29.201457
29.363634
29.471016
29.385048
29.040411
28.412675
27.481060
26.209500
24.557966
22.528029
20.327961
19.024608
20.377206
23.350704
26.144017
28.245979
29.600502
30.214463
30.075516
29.167809
27.693975
26.878729
28.354867
30.806939
32.736219
33.838927
34.173317
33.907901
33.336452
32.837706
32.586282
32.374157
31.954746
31.469104
31.495928
32.278516
33.221414
33.688456
33.368013
32.087841
29.619138
25.414241
17.445309
5.630650
17.774682
20.160720
19.474195
16.191219
13.572935
18.680334
22.811498
25.347646
27.072512
28.460626
29.633572
30.445380
30.688809
30.212144
28.932191
26.834284
23.991443
20.646756
18.577943
21.394089
25.405120
28.232781
29.768266
30.080837
29.130200
26.668282
21.923589
12.200523
13.740766
18.420456
18.777041
16.699865
16.579399
21.081085
24.711137
26.766579
27.404668
26.564921
24.060664
21.614554
24.374299
27.582292
28.893877
28.210132
24.991055
18.721619
23.027488
27.675645
29.209358
28.258883
23.926102
12.043164
24.424524
29.405479
31.231960
31.108578
29.144060
24.781212
19.831403
24.895235
28.894384
30.906615
31.677250
31.525195
30.656711
29.519402
29.065594
29.709006
30.529024
30.722438
30.107762
29.093676
28.841206
29.888406
31.150841
31.789721
31.570274
30.433891
28.317401
25.135076
20.994893
16.917610
14.063565
14.493529
20.254331
24.992204
27.881926
29.258901
29.358873
28.509072
27.663425
28.052696
28.968361
28.962131
27.159549
22.442234
18.312962
24.426402
27.285155
27.155444
23.650001
9.043423
20.935184
26.577289
27.830085
25.937088
19.762510
22.946186
29.355777
32.387996
33.555291
33.492931
32.718447
31.988200
31.961383
32.390325
32.620641
32.284256
31.200557
29.133287
25.551339
19.001346
11.764150
19.049176
22.547478
25.267927
28.188232
30.595304
31.986951
32.284495
31.665090
30.717802
30.297064
30.177591
28.992721
24.729683
3.799562
26.135335
31.619460
33.844658
34.246378
33.400132
32.081591
31.308416
30.708862
28.476312
21.926379
25.715661
32.677418
35.922097
37.064099
36.556026
34.538817
31.715987
30.917316
31.946022
31.652622
28.543771
20.363960
25.797398
30.956052
32.345185
31.053720
26.796208
23.827410
28.593580
30.761642
30.002783
26.316932
24.932965
29.769621
32.248639
32.314381
30.562080
29.659479
32.195689
34.380420
34.746001
32.984299
28.464742
25.741849
30.539947
32.660346
31.794644
27.498440
27.104387
33.545936
36.902908
38.080495
37.545894
35.446975
32.842979
33.542967
36.037729
37.419593
37.418674
36.145739
33.780815
31.179798
30.521143
31.762332
33.071449
33.945703
34.326098
34.085611
33.081893
31.473646
30.536262
31.732898
33.657130
34.984539
35.530429
35.463631
35.044839
34.499655
33.872609
33.049450
32.041061
31.355445
31.764210
33.089493
34.555266
35.815368
36.847636
37.656934
38.187072
38.389383
38.345806
38.356019
38.776678
39.580557
40.357604
40.756501
40.673014
40.260848
39.913643
39.968993
40.245086
40.209102
39.379252
37.292340
33.100372
25.173041
28.957578
34.107683
36.213555
36.595479
35.768153
34.172120
32.570124
31.587904
30.625209
28.778879
27.197308
29.308569
32.092250
33.250937
32.390938
28.711288
22.286355
28.914107
33.368900
34.872968
34.176872
31.138723
26.575375
29.087712
32.376647
32.981845
30.811646
23.632085
17.116228
27.750089
29.629758
27.465579
25.166843
31.574030
35.906700
37.920230
38.284261
37.353623
35.584314
33.815657
32.242376
28.970215
19.216796
29.647536
35.976109
38.864046
39.727591
38.831742
35.878147
29.700799
25.181662
30.358924
31.345584
28.528835
25.040941
30.645096
34.062781
34.645551
32.515122
26.030535
22.380686
29.703048
31.030658
27.484199
22.095616
33.064748
37.977453
40.277297
41.045821
40.946880
40.888063
41.626227
42.750583
43.460775
43.377978
42.414746
40.700017
38.925680
38.525548
39.583170
40.780486
41.507436
41.685701
41.350541
40.554820
39.394266
38.057558
36.813291
35.870203
35.283254
35.050388
35.100635
35.156011
34.811684
33.684242
31.358408
27.009628
17.127775
18.524355
26.028758
29.113689
30.564197
31.100867
31.110026
30.985938
31.072608
31.401089
31.804676
32.303851
33.079521
34.066851
34.915929
35.360984
35.431081
35.472027
35.905249
36.736940
37.617514
38.312400
38.797480
39.092165
39.121574
38.726303
37.782054
36.397972
35.216983
35.052972
35.496602
35.535639
34.647494
32.685928
29.951984
28.170009
28.976942
30.528782
31.519114
31.553285
30.088667
25.512043
-4.030150
27.346716
32.941574
35.406154
36.078540
35.280716
32.996828
28.952368
22.555891
13.519636
5.127553
13.133104
19.834452
21.807211
19.009098
7.098552
24.096899
29.859193
32.619705
33.788948
34.151808
34.441013
34.878210
34.891811
33.659011
30.018547
19.523328
25.094133
31.318703
33.145379
32.532567
30.167536
28.946634
31.190472
33.080701
33.781693
34.166604
35.024698
35.831972
35.566632
33.360543
28.272518
28.503934
33.735376
35.795750
35.126035
31.197431
27.610862
34.396040
38.114166
39.310415
38.660433
36.852329
36.420401
38.473590
40.172218
40.566715
39.904854
39.342523
40.349911
42.093832
43.248106
43.446233
42.690664
41.092717
38.923283
36.761270
35.291616
34.633004
34.454841
34.413091
34.116006
33.216683
31.594597
29.575682
28.330566
29.271375
31.800348
34.344710
36.067641
36.622135
35.710544
32.678513
24.970177
21.229280
29.926967
31.975463
30.516668
23.899663
22.983540
31.419786
34.499469
35.009142
33.369129
28.911542
16.457283
21.273512
26.791858
28.033905
28.415870
29.256706
29.667242
28.357493
25.049716
26.887229
31.996167
34.983864
36.231435
36.109192
34.732563
31.881703
26.125418
5.082288
28.198495
33.853389
36.653317
37.746302
37.372844
35.560396
32.955678
32.797037
34.960189
36.224936
36.015472
34.681618
33.704660
34.739530
36.312882
37.032866
36.642596
35.102210
32.148184
26.472172
12.420627
26.698735
31.640215
33.431550
33.165531
31.428206
31.214240
34.200343
36.598940
37.381019
36.656427
35.254253
35.666123
37.840680
39.411667
39.798142
39.304409
38.829876
39.192273
39.759218
39.499616
38.074930
36.772074
38.450984
41.112085
42.714804
43.135930
42.729975
42.237441
42.449590
43.169258
43.710688
43.924632
44.203204
44.905051
45.778856
46.315376
46.232089
45.515096
44.387977
43.233670
42.216045
41.087393
40.116196
41.105758
43.927966
46.559495
48.425052
49.676435
50.639478
51.618911
52.704905
53.750736
54.556988
55.004194
55.065837
54.784690
54.250331
53.567681
52.805788
51.953805
50.928999
49.631170
47.999730
46.060790
43.983802
42.130726
40.956566
40.690696
41.197118
42.169408
43.290152
44.285297
44.943083
45.109168
44.673355
43.572221
41.848004
39.825076
38.213699
37.386152
36.980826
37.268417
38.921003
41.125035
42.831987
43.709512
43.755491
43.079127
41.877333
40.441483
39.137232
38.545417
39.409008
41.381566
43.334070
44.669474
45.246222
45.091314
44.325794
43.201480
42.118052
41.419296
41.114935
41.029247
41.062233
41.144884
41.161644
41.042980
40.862166
40.739248
40.594715
40.088937
38.803542
36.443670
33.764929
34.207383
36.548462
37.816574
37.569075
35.777323
32.729005
31.100501
32.637341
33.594028
32.552949
28.721938
22.252357
27.696950
31.710170
32.836982
31.940086
29.510897
27.428642
27.832384
27.845665
24.936620
19.595433
27.064393
31.810898
33.660134
33.390425
31.065068
27.733660
29.312631
32.277331
33.091883
31.365664
25.239538
16.447446
29.008639
32.356537
32.507047
29.770097
22.410572
23.617886
29.215983
30.484754
29.059074
27.877837
31.249109
34.364559
35.660783
35.342415
33.853961
32.613306
33.059980
33.568447
32.299401
27.227525
12.566480
30.234115
34.974948
37.010867
37.954104
38.912946
40.375272
41.866470
42.825357
43.032401
42.507009
41.507644
40.652202
40.552287
40.955358
41.158682
40.753562
39.595655
37.635877
34.857240
31.323901
27.570072
25.686524
27.008003
29.314002
31.364099
32.994917
34.297820
35.387553
36.301799
36.980427
37.319998
37.238654
36.709920
35.768179
34.479613
32.850263
30.683691
27.433917
21.903714
16.626936
23.031938
27.093762
29.515457
31.254152
32.621925
33.667385
34.465310
35.197064
35.982545
36.694145
37.046874
36.797602
35.832356
34.233761
32.447608
31.226955
30.878300
31.371288
32.860248
34.803405
36.346888
37.089637
36.982523
36.205518
35.193505
34.386663
33.554037
31.779562
27.595680
16.340511
24.794680
30.309435
32.245974
32.319996
31.230512
29.653763
27.960971
25.196266
17.684326
16.144295
25.773586
28.846901
28.925802
25.951542
16.265181
19.543839
25.905654
27.561685
28.398789
31.179187
34.353120
36.317868
36.832625
35.892845
33.709441
32.079969
33.302211
34.766244
34.682740
32.459474
26.439583
8.749354
27.175262
30.911150
31.833723
31.515397
30.756209
29.419607
25.872055
9.372521
25.378705
31.999854
34.772518
35.425092
34.265889
31.195078
27.280652
28.424154
31.171838
32.717545
33.975422
35.532543
36.931411
37.639544
37.582528
37.209856
37.373275
38.223459
38.915732
38.747439
37.329155
34.253126
29.187912
27.213953
30.454161
31.913187
31.591760
30.493293
30.313796
31.436672
32.486718
32.792469
32.286054
30.981747
28.805250
25.672883
22.287354
21.015819
21.195769
21.814043
24.882250
28.618309
31.171941
32.353065
32.274064
31.124025
29.405109
28.064487
27.288167
26.200294
25.415433
27.171682
29.584687
30.619829
29.795087
27.052811
25.985055
29.797511
32.625540
33.660813
33.273851
32.071594
31.271019
31.446006
31.368987
29.874667
26.296867
22.522179
24.717464
26.176277
25.096220
25.970464
30.758711
34.203602
35.805397
35.778493
34.155098
31.115880
29.208322
30.853044
32.072835
31.359164
28.320196
23.240561
23.935964
26.354073
25.251017
18.162535
21.080903
28.638811
31.585335
32.166616
31.059125
29.470723
30.077703
32.006739
32.988328
32.506235
30.454458
26.771494
22.439098
21.626960
24.683960
29.051319
32.853047
35.442348
36.807405
37.013014
36.072596
33.976346
31.030341
29.008817
29.346470
29.823827
29.138745
27.211174
24.556557
22.394200
21.517671
22.772097
26.197715
29.404269
31.418608
32.142344
31.531673
29.436980
26.190125
26.147462
29.637954
32.159018
33.361485
33.502321
32.753649
31.213830
28.944581
26.032066
22.919566
21.361817
22.370974
23.685088
23.812704
21.900937
16.036954
17.598946
25.487854
29.562423
31.618861
32.162280
31.190082
28.311995
24.170313
27.409241
32.048843
34.688100
35.870112
35.916383
34.973942
33.151038
30.686002
28.115273
25.789157
22.786540
16.833140
14.873010
21.630196
24.109121
23.445998
18.224410
9.282262
23.840941
28.673100
30.977398
31.933151
32.118178
31.981356
31.749513
31.260213
30.138800
28.229368
26.632096
27.624407
29.688631
30.960178
31.297752
31.212666
31.498026
32.365778
33.181894
33.374500
32.707422
31.124207
28.713387
25.941353
24.307938
25.591544
28.501389
31.154448
32.919361
33.645434
33.252009
31.596956
28.445658
24.062046
22.365514
23.446026
22.413656
16.528352
11.036865
21.926278
25.081767
24.837697
20.685024
15.162014
24.857224
29.409026
31.383315
31.764499
31.063398
29.965014
29.290726
28.827825
27.286895
22.879085
17.588218
25.847327
29.988376
31.332071
30.447462
27.082769
24.622091
29.760749
33.488936
35.234763
35.575598
34.926746
33.899215
33.389254
33.585411
33.675054
32.989495
31.286462
28.807436
27.108613
27.690801
28.807345
29.170973
28.555361
26.799943
23.310189
15.714481
10.850369
19.839360
22.091517
20.852666
15.873854
18.299027
24.224176
26.834694
27.036908
24.674819
17.433484
16.587220
24.726676
27.681843
28.224248
26.898901
23.576059
17.658706
14.625667
19.514753
22.922345
25.177441
26.387318
26.333388
24.985071
24.059076
26.662813
29.937277
32.022119
32.888216
32.682245
31.510509
29.490139
26.996718
25.341099
25.995976
27.798621
29.331399
30.187418
30.326648
29.844596
28.978000
28.146662
27.863490
28.399018
29.506418
30.636146
31.319177
31.277306
30.369597
28.584117
26.231943
24.375785
24.260222
25.748901
27.967246
29.990627
31.201787
31.296614
30.055497
27.201394
22.785576
20.206019
20.274954
16.327957
12.960517
24.406436
29.105600
31.041812
31.002215
29.096795
25.845217
25.624969
28.217395
29.319724
28.520633
26.529388
26.131152
27.712356
28.144534
26.013394
19.626765
21.816113
27.816387
29.910837
29.269945
25.291893
11.102826
22.458272
27.236362
27.569426
24.120600
18.426403
25.802010
29.688901
30.417224
28.334993
22.413180
22.915143
28.430758
29.970939
28.045760
19.416532
24.584274
31.908355
34.817025
35.396726
33.925266
29.991159
26.524277
31.294404
34.651115
35.899917
35.598478
34.031894
31.684920
30.183529
30.832070
31.978184
32.415839
31.838536
29.949298
26.113112
22.107057
26.728198
30.757876
32.781439
33.543909
33.740320
34.153688
35.069489
35.976914
36.320178
35.832144
34.431299
32.244904
29.975779
28.823589
28.473969
27.543687
25.277198
21.336996
15.964429
13.148290
18.703070
25.027613
29.590796
32.639850
34.478052
35.287667
35.163989
34.165288
32.417269
30.371518
28.910454
28.126689
26.688422
22.572405
0.328748
23.009592
29.238736
32.206657
33.526281
33.658143
32.763743
30.883308
28.042629
24.617328
22.455402
23.236320
25.159851
27.083539
28.792439
30.196093
31.266893
32.046173
32.606331
32.998487
33.212346
33.168412
32.736843
31.756051
30.037938
27.407972
24.151316
22.597685
23.745050
24.519507
23.574465
19.914245
8.978338
16.901803
23.140726
25.718787
26.532508
26.284111
25.667786
25.541372
26.147433
26.927222
27.450189
27.615570
27.384651
26.612993
25.075573
22.783810
21.171947
22.165428
23.625685
23.916145
23.097659
22.626250
23.937737
25.341199
25.250369
22.918620
19.958484
24.541128
28.886181
30.993203
31.259405
29.671362
25.909248
23.200515
27.103326
29.754855
30.154328
28.440244
24.684049
23.179207
26.102477
27.132586
25.345027
23.879001
29.285173
33.653882
35.977154
36.672463
35.791148
32.871091
25.748005
21.843844
31.054353
34.487819
35.676857
35.437679
34.079417
31.914064
29.844569
29.398126
30.352213
31.373487
31.908022
31.753759
30.647002
28.051406
22.894174
21.507394
27.991812
31.787309
33.781242
34.585355
34.494132
33.733140
32.589275
31.390406
30.210126
28.680289
26.502256
25.250427
27.409113
30.060695
31.459483
31.411000
29.724140
25.631050
15.292264
18.425495
24.914982
27.257266
28.341139
29.380321
30.556217
31.332575
31.250348
30.057989
27.560918
23.586057
18.451554
15.312101
18.779328
24.075936
27.986219
30.321784
31.242882
30.840323
29.212528
27.094089
26.756826
28.116492
28.855090
28.183493
25.903890
22.142246
19.352751
19.466299
17.919270
10.387923
15.951450
23.028307
26.069549
26.927873
26.033490
23.444216
20.339371
21.497407
24.344553
25.926698
26.261174
25.507936
23.490522
19.169269
11.867826
21.058255
26.957561
30.338687
32.245768
32.986974
32.596986
30.913743
27.546202
22.680626
22.877233
25.657580
25.859795
22.558293
16.058306
24.927208
29.905145
32.015081
32.187259
30.573045
27.441414
26.710785
29.883930
32.057454
32.596036
31.709017
29.667023
27.234104
25.652746
24.438562
22.267512
21.850616
25.494961
28.395100
29.956816
31.211058
33.210746
35.653861
37.698040
39.008361
39.605588
39.695401
39.641580
39.820059
40.283652
40.743720
40.912922
40.676332
40.075204
39.272466
38.513530
38.027749
37.896029
38.016035
38.188178
38.213379
37.946737
37.318260
36.344012
35.142660
33.950909
33.095299
32.850897
33.218324
33.889518
34.486271
34.750102
34.560496
33.893069
32.786787
31.333418
29.726841
28.459511
28.329310
29.368443
30.628683
31.398460
31.383756
30.425075
28.326957
24.753908
19.436701
15.972932
17.140570
16.441479
16.183501
21.826233
26.633158
29.686045
31.470307
32.289885
32.333069
31.768767
30.864744
30.134845
30.192208
31.052493
32.120743
32.895699
33.148726
32.835470
32.138455
31.669589
32.199176
33.532733
34.850381
35.695239
35.940355
35.566508
34.581415
33.076257
31.553838
31.283527
32.647439
34.333146
35.505444
35.979325
35.777647
35.006936
33.867596
32.637952
31.499131
30.363250
29.092988
27.966621
27.614778
27.873067
27.805756
26.845835
25.429671
25.825272
28.245968
30.336066
31.373760
31.366623
30.411487
28.621545
26.130347
22.934063
18.457419
14.688888
20.195709
24.735430
27.285544
28.484524
28.687691
28.131889
26.965314
25.110852
21.959094
15.787403
15.858233
23.085728
26.825851
28.625826
29.046807
28.246022
26.183584
22.908700
21.002315
24.129579
27.772725
30.495967
32.434696
33.702421
34.335808
34.340732
33.731506
32.612042
31.394533
30.972736
31.800900
33.136264
34.261181
34.947559
35.189349
35.039298
34.557654
33.804027
32.854289
31.837932
30.971852
30.526129
30.673812
31.338454
32.222344
32.966878
33.262549
32.850331
31.450714
28.623475
23.576340
19.484912
24.039699
26.791116
27.349772
26.264123
24.230433
23.947368
26.709062
29.646211
31.821011
33.194717
33.726099
33.269917
31.522968
27.789754
20.266676
20.007737
25.231666
26.176914
23.862361
21.635946
27.245396
31.472379
33.550328
34.011855
33.010123
30.370732
25.325086
15.679005
19.893781
25.261780
28.355222
30.574937
32.008353
32.574045
32.442491
32.369640
33.380987
35.160832
36.687501
37.507312
37.542189
36.816239
35.383242
33.415014
31.673904
31.777206
33.548026
35.282856
36.237231
36.211957
35.078766
32.689037
29.343286
28.008367
29.747675
30.860952
30.368285
28.108508
23.737582
17.356004
13.996359
9.069088
13.995267
23.302538
27.693786
29.684169
29.899688
28.422583
25.032603
20.393443
20.577538
22.478964
22.182770
20.838508
22.304426
25.150120
26.693238
26.922542
26.887327
28.069189
29.998794
31.364910
31.723802
31.147641
30.151500
29.710279
29.997570
29.908100
28.341255
23.763209
7.649543
23.215002
28.277767
29.842671
29.222219
27.098729
27.329314
31.196444
34.370502
36.290140
37.252339
37.540621
37.410366
37.083476
36.683498
36.190569
35.499490
34.523271
33.250423
31.741493
30.092087
28.456916
27.286922
27.347127
28.580329
30.053478
31.193021
31.885686
32.206956
32.279584
32.194589
31.966226
31.543591
30.866729
29.924314
28.791150
27.632522
26.644089
25.954509
25.631074
25.775732
26.462268
27.553683
28.754936
29.813391
30.588343
31.018385
31.081969
30.775356
30.102879
29.074203
27.710316
26.071716
24.335349
22.897057
22.218065
22.274308
22.571236
22.734594
22.756126
23.043479
24.202952
26.238869
28.521163
30.561559
32.175206
33.328262
34.045817
34.382633
34.417970
34.253178
33.998196
33.741906
33.521156
33.314715
33.068664
32.737996
32.337073
31.994388
31.944891
32.338857
33.027092
33.676961
34.012061
33.876252
33.198436
31.971891
30.291789
28.464063
27.018034
26.208024
25.607382
24.641253
22.997371
20.668761
18.220826
16.879784
16.585623
15.850080
13.593775
9.150565
9.000841
14.743162
18.651814
21.213238
22.925658
23.973190
24.384205
24.123120
23.154599
21.548241
19.735381
18.622912
18.408076
18.068292
16.749669
14.098028
10.617846
8.792632
7.782292
4.682510
10.441540
17.260088
21.463907
24.046894
25.509802
26.133620
26.131784
25.731553
25.238544
25.070987
25.609550
26.819058
28.238444
29.402169
30.024347
29.935270
28.992265
27.018719
23.810998
19.785341
18.520861
20.241492
21.535759
22.640448
24.383677
26.408372
27.981552
28.782556
28.721746
27.724070
25.599292
21.936731
17.573068
20.309435
24.609847
27.241658
28.661470
29.224311
29.184019
28.759494
28.074664
27.031005
25.279533
22.363307
18.858252
19.544318
22.296844
23.489742
23.158439
22.673591
24.337154
26.980285
28.795251
29.438971
28.935801
27.346179
24.842644
22.070724
20.474120
21.229523
23.755387
26.412790
28.215219
28.828492
28.057963
25.610776
21.670056
21.567987
24.766674
26.085050
25.026718
20.721841
15.988582
23.607470
27.666268
29.208166
28.935119
26.833239
22.195064
15.381976
20.093252
23.535209
24.205381
22.875474
20.019514
18.251926
20.103654
21.905758
22.416776
21.786926
20.219092
17.842433
15.586083
17.062412
20.743138
23.481518
24.878244
24.936251
23.524386
20.232920
14.821989
14.649267
18.227792
19.717255
20.317744
21.607845
23.402880
24.500673
24.270253
22.346046
18.566467
16.688700
19.385313
20.357300
18.231458
15.565325
21.829532
26.582017
29.066538
29.947217
29.479428
27.688850
24.405245
19.042974
8.031223
9.840996
19.054601
23.552779
25.943886
26.587051
25.309617
21.300756
17.497686
23.976913
28.058956
29.909250
30.303707
29.737461
28.947272
28.910294
29.639579
30.261761
30.251605
29.514427
28.213052
26.830959
26.126914
26.345079
26.879783
27.105716
26.661183
25.257493
22.460789
17.215115
5.854948
11.948995
16.463599
17.976390
19.052738
20.729743
22.407470
23.398693
23.542927
22.985899
22.139519
21.721033
22.377754
24.013730
25.974307
27.675335
28.777247
29.085801
28.427526
26.518845
22.706513
15.740715
17.359452
22.751474
25.240435
26.066906
25.728314
24.401458
22.112138
19.083406
17.759152
20.545707
23.778599
26.079134
27.456637
27.993316
27.711023
26.578666
24.566192
21.943743
20.171746
20.529832
21.169826
20.536250
17.756012
11.727719
14.569961
20.407959
23.305029
24.430085
24.270874
23.116302
21.411286
19.927761
18.947014
17.538711
14.428964
8.893136
10.134527
14.088185
14.953430
13.106655
10.400640
13.502054
16.935698
18.152564
17.230823
13.685251
5.289130
8.344588
14.708143
18.418101
21.421549
23.889594
25.605929
26.486791
26.628625
26.344979
26.155141
26.352126
26.596318
26.342837
25.241597
23.146248
20.258776
17.830663
17.364556
17.880221
18.574832
19.457065
20.148644
20.191294
19.727277
20.039172
22.124913
24.776869
27.050704
28.793280
30.006713
30.636093
30.557673
29.593496
27.511050
24.183947
21.336542
22.686652
24.803211
25.863704
26.340756
26.892881
27.536525
27.686418
26.722861
23.929482
17.545453
13.470736
21.188078
24.022348
24.221981
22.197130
17.560231
14.797862
19.579347
22.448247
23.550992
23.683049
23.489531
23.534000
24.095333
25.025388
25.926881
26.413258
26.206992
25.111126
22.962542
19.675840
15.863428
14.672237
17.058542
20.007553
22.319468
23.564719
23.460091
21.553872
16.384917
-19.717150
16.073995
20.709260
22.043125
21.534236
20.027259
19.226544
20.325657
22.158144
24.054343
25.883548
27.328822
28.038528
27.759879
26.290480
23.596508
21.310361
22.692392
24.858876
25.814198
25.518648
24.154001
21.891033
18.785599
15.114095
15.838289
20.619872
24.108334
26.057907
26.689340
26.072101
24.114449
20.531629
15.059587
11.219096
12.029724
10.496398
3.169658
4.271994
10.993776
13.260420
15.198431
18.810982
22.394985
24.896711
26.248395
26.526355
25.764480
23.946218
21.086965
17.625996
15.214366
15.237518
17.371724
20.648300
23.645425
25.769298
26.958345
27.279881
26.850121
25.931101
25.141522
25.246360
26.142735
27.065928
27.532721
27.376409
26.553721
25.093264
23.195754
21.471074
20.775208
21.183889
22.174566
23.436508
24.704499
25.666589
26.103950
25.940576
25.233028
24.165859
22.985815
21.815544
20.645767
19.817325
20.105348
21.256219
22.165839
22.270131
21.653065
21.220032
22.209775
24.063106
25.618556
26.524066
26.836096
26.729812
26.423552
26.142027
26.044736
26.118305
26.143137
25.791389
24.716503
22.512557
18.456966
10.318866
5.514147
12.681580
14.105294
13.378463
13.491409
15.363668
16.530723
16.069115
14.549299
15.013861
17.620320
19.287575
19.236420
17.360631
14.859685
16.686378
20.005076
21.853469
22.287441
21.596401
20.129926
18.522104
17.797902
18.714054
20.812756
23.043927
24.770072
25.787560
26.093448
25.766218
24.903923
23.535969
21.500194
18.427798
14.874738
15.777328
18.813123
20.193117
19.582110
16.526862
10.376507
12.927476
17.341277
18.398305
16.418831
9.452547
10.716961
17.830627
20.416550
20.388651
17.710669
10.111996
8.952939
16.210758
17.993775
16.441836
11.028014
12.470977
18.286586
20.572351
20.242697
16.789334
3.078509
13.360974
19.664823
21.699148
21.474008
19.690743
18.599325
20.573779
22.631079
23.233676
22.141778
18.903369
11.666575
5.033553
13.157706
15.050144
15.104456
16.609463
19.317207
21.123803
21.593920
21.065366
20.756569
21.962330
23.663709
24.574863
24.252966
22.424534
18.478501
10.513129
8.406712
14.170807
16.541585
18.982445
22.023832
24.497830
25.888274
26.100303
25.045315
22.451587
17.567440
9.485169
11.980583
15.052723
14.707337
11.843677
9.408970
11.556133
12.961185
12.060972
9.710877
10.119990
12.378253
12.566678
9.121917
2.486224
12.354328
17.195909
19.082557
18.854814
16.367558
11.192186
12.575319
17.743686
20.388192
21.425868
21.567120
21.501165
21.812441
22.528589
23.296276
23.881581
24.206282
24.182569
23.625169
22.243010
19.636130
15.756096
15.173550
18.877320
21.398701
22.364145
21.954444
20.077342
16.075100
6.319430
6.534411
15.214863
18.837692
20.962109
22.350812
23.194537
23.516290
23.370931
22.964657
22.628846
22.490200
22.202760
21.181317
18.750702
13.591246
-0.355588
10.002507
14.407773
15.682797
16.967219
19.625552
22.220419
23.810736
24.297339
23.852481
22.937840
22.354523
22.393410
22.338330
21.590078
20.500874
20.680264
22.358915
23.897290
24.709154
25.111019
25.716743
26.691791
27.538843
27.735683
26.973128
24.996363
21.355974
14.598417
3.645356
16.230179
22.114571
26.109397
28.939881
30.770067
31.681423
31.718841
30.893121
29.198501
26.725930
24.173312
23.337926
24.283660
25.250717
25.551115
25.168600
24.435287
24.209115
25.175942
26.663039
27.762738
28.102507
27.576982
26.150559
23.820792
20.673383
17.016215
14.015541
15.016862
18.621391
21.465083
22.990101
23.214248
22.153681
19.924508
17.673304
17.941505
19.577948
20.720816
21.356793
21.783319
21.864794
21.042441
18.465483
12.735068
13.428417
19.733150
22.915489
24.385458
25.080691
25.827221
26.954814
28.048632
28.596702
28.317068
27.036918
24.518199
20.152170
11.249960
8.002912
17.524985
21.512615
23.753293
24.873491
24.993435
24.087372
22.028546
18.487288
12.352745
-4.070917
9.681994
15.507213
18.570252
20.248765
20.922660
20.851703
20.294627
19.371775
18.114713
17.974464
21.207736
25.165424
28.118452
29.950638
30.750964
30.566968
29.399936
27.319793
25.074125
24.850301
26.621701
28.331737
29.374575
29.748944
29.482667
28.571386
27.136183
25.915007
26.255161
27.834636
29.279377
30.046287
30.074806
29.419124
28.169081
26.502240
24.882681
24.165863
24.645399
25.465759
25.808975
25.264590
23.536655
20.280790
16.290131
17.495150
20.636429
22.202959
22.373409
21.505753
20.045918
18.690932
17.984765
17.790833
17.997624
18.873680
20.255315
21.508473
22.177088
22.049403
20.973371
18.699159
14.673934
8.253878
8.571381
12.712869
14.291820
14.709892
16.586770
20.461273
24.194160
27.067119
29.085947
30.330263
30.845357
30.634509
29.660064
27.840699
25.051551
21.183564
16.558043
12.820298
10.361974
8.739518
12.417081
16.529296
18.876843
19.777573
19.566049
18.520185
16.966064
15.691917
16.694095
20.026369
23.389314
25.911627
27.494490
28.148737
27.846873
26.475633
23.813803
19.986630
18.935397
22.006996
24.322896
25.344111
25.353757
24.580787
23.189792
21.262052
18.819532
16.718494
18.046781
21.544141
24.463055
26.434625
27.574678
27.991862
27.733110
26.761247
24.902657
21.696259
15.813191
7.937101
16.020188
19.770020
20.970930
20.787863
20.438890
21.384999
23.128830
24.346215
24.503185
23.373378
20.553648
14.637918
-14.554769
13.246477
18.011311
20.080189
21.094823
21.691701
22.362889
23.597819
25.424749
27.311114
28.761646
29.533343
29.512576
28.589414
26.533029
22.682580
14.833283
17.295169
24.586287
28.533439
30.900816
32.185394
32.529093
31.931941
30.303466
27.502948
23.747036
21.554964
22.538239
23.339060
23.073064
22.500300
22.740038
23.713390
24.694248
25.620269
26.733679
27.944977
28.936007
29.576482
30.039893
30.632037
31.415026
32.091221
32.298310
31.791747
30.419627
28.086077
24.876781
21.711020
20.533978
21.116916
22.303805
23.788089
25.149705
26.076848
26.625428
27.069002
27.560078
27.956091
28.101113
28.211716
28.866511
30.190412
31.553681
32.383489
32.422807
31.556641
29.687689
26.697780
22.535076
17.792403
14.835710
16.099944
20.382369
24.469583
27.509220
29.613157
30.960641
31.675526
31.871647
31.784295
31.921970
32.803098
34.255397
35.662026
36.622587
37.000704
36.790510
36.061118
34.960478
33.709159
32.485423
31.232526
29.632819
27.222720
23.282019
16.225690
16.493061
23.389725
27.309880
29.720377
31.092314
31.551491
31.123212
29.873435
28.214143
27.305040
27.772393
28.543033
28.946290
29.321359
30.241458
31.473651
32.276493
32.113647
30.552991
26.782174
18.823856
22.385950
27.898316
30.028443
30.176784
28.686387
25.538082
21.517147
21.723945
24.655158
26.804413
28.265213
29.191553
29.436337
28.727510
26.705032
22.821588
18.037684
20.611223
23.982467
25.371548
25.301137
24.003221
21.270103
16.687511
17.487952
23.258833
26.869636
28.739080
29.202708
28.291200
25.760267
21.040805
16.772354
20.456178
23.035733
23.708345
23.424428
23.189138
23.440759
23.629011
23.162895
21.868220
19.911918
17.702002
15.515309
13.439909
12.725747
14.129627
15.709784
16.900874
18.400307
20.227991
21.527136
21.615745
19.993238
16.352535
16.180593
21.236606
24.712796
26.792037
28.067176
28.852712
29.178432
28.854219
27.575096
25.011126
21.633954
21.727777
24.370552
25.637807
25.057717
22.516680
19.069973
20.731045
23.918543
25.324050
25.091789
23.469989
20.873971
18.593120
17.733832
16.863727
14.510218
10.005130
4.661228
4.650092
5.716902
6.372358
5.601010
0.777336
10.840860
18.430046
22.844672
25.380785
26.513876
26.493859
25.637927
24.673031
24.468334
24.671374
24.186557
22.268542
18.593895
15.998965
18.132498
19.265264
18.185503
17.502808
20.824666
23.917105
25.230662
24.743996
22.208552
16.828277
13.478634
18.066664
19.814099
19.319185
18.513326
19.525286
20.651050
19.878630
15.738247
12.423254
20.245046
24.240753
25.718992
25.303348
22.925689
17.767208
10.309483
15.039944
17.603664
17.666790
17.684863
19.028328
19.957188
18.969842
14.634408
9.671676
18.015003
22.094334
23.548488
23.176488
21.252913
18.511363
17.656602
18.877660
19.504579
19.013937
17.818428
16.240788
13.434594
7.793281
13.912502
20.501923
24.204268
26.198590
26.938773
26.621577
25.393654
23.695946
22.924909
24.101670
25.847758
27.032901
27.353203
26.679630
24.786102
21.122661
14.313240
12.107848
17.827786
20.193620
20.766060
20.542211
20.275296
20.172472
19.817476
18.757318
16.760892
13.750993
10.551150
12.447394
17.415100
21.234710
23.712051
25.010264
25.216600
24.352233
22.440404
19.781489
17.576981
16.770482
15.816929
12.925303
5.722752
1.583965
8.680468
10.486711
12.636281
17.007567
20.736009
23.078700
24.188861
24.259452
23.493925
22.223783
20.965559
20.085610
19.515620
19.401752
20.294589
21.907745
23.382003
24.392087
25.171406
26.185361
27.579278
28.998384
30.043970
30.515848
30.361809
29.625072
28.470129
27.256056
26.452470
26.209705
26.219691
26.148242
25.851677
25.301172
24.508640
23.543050
22.578910
21.802799
21.124039
20.080471
17.999096
13.859403
8.396085
14.383117
19.439968
22.471977
24.370126
25.465574
25.832098
25.400644
23.972567
21.095492
15.439820
6.670832
16.310238
21.155628
23.838293
25.457702
26.315148
26.429749
25.696348
23.941684
21.025930
17.735219
17.352704
18.832378
19.283502
18.488932
17.568766
18.255526
19.764925
20.569376
20.237715
18.800292
16.894138
16.979594
19.912842
23.143278
25.677116
27.364707
28.147655
27.923813
26.468049
23.211371
16.157745
10.376072
19.804792
23.358648
25.019617
26.026181
26.893651
27.558452
27.689554
27.030567
25.618552
24.370001
24.947451
26.633860
27.878679
28.348332
28.377842
28.666837
29.624617
30.817311
31.654435
31.858908
31.369067
30.246988
28.719357
27.266780
26.418207
26.231866
26.466828
27.040020
27.856328
28.634622
29.102057
29.167429
28.951483
28.726573
28.678634
28.648856
28.237128
27.022665
24.520157
19.723793
9.090802
14.673565
20.046517
22.062629
22.641077
22.590507
22.330258
21.814636
20.630011
18.176829
13.319262
-0.288162
6.890430
13.127627
15.806138
17.646787
19.173620
20.127443
20.161880
18.994338
16.226460
10.887200
4.270733
11.332516
16.427148
19.862102
22.269045
23.695116
24.094583
23.484667
22.325409
22.301720
24.211317
26.251328
27.434159
27.622336
26.859511
25.257752
23.113981
21.039603
19.557087
18.731965
19.099001
20.779322
22.438169
23.100194
22.301162
19.376602
12.911117
15.535920
21.768893
24.964921
26.509929
26.929765
26.391572
24.826424
21.868433
16.859680
14.859346
19.762521
22.664633
23.640081
23.149766
21.711298
20.924910
22.160963
23.711460
24.259116
23.462899
21.031970
16.106947
3.971441
6.438375
11.649524
11.187173
6.598133
5.508812
12.588056
16.813995
19.518386
21.264993
22.115662
21.953845
20.567342
17.590777
12.437930
6.606811
6.290039
1.620226
2.844033
13.485657
17.792847
19.313947
18.511298
14.556140
1.742956
12.291450
17.197652
17.936958
15.674494
13.939620
18.992171
22.767007
24.366800
24.130066
22.041594
18.540349
18.783445
22.073878
23.769790
23.610371
21.537479
16.814389
5.780224
8.195475
12.933059
14.501062
17.226058
20.380889
22.360407
22.913983
22.238966
21.267199
21.946364
23.898049
25.308015
25.556689
24.460791
21.683994
16.100227
2.516611
12.114183
16.393122
17.740385
18.403035
19.468980
20.768073
21.707624
22.083334
22.039699
21.916094
22.020347
22.352101
22.654756
22.693145
22.398108
21.943931
21.812554
22.426508
23.496571
24.365079
24.580748
23.879520
22.030266
18.950289
16.601918
18.481445
20.753256
21.494961
20.472949
16.991189
7.382805
12.010632
18.877286
21.630770
22.329311
21.345771
18.501769
14.253590
15.631332
19.408573
21.179929
21.109710
19.354528
16.950920
18.309058
21.725281
24.057192
25.244799
25.625474
25.534462
25.229421
24.747995
23.868386
22.229756
19.388784
14.677428
7.264089
4.324728
5.525160
6.650983
12.504501
17.156268
19.927026
21.338874
21.768886
21.524692
20.927328
20.345084
20.177515
20.682637
21.673199
22.635631
23.134516
22.924767
21.883753
20.009069
17.695661
16.265933
16.461956
16.893331
16.563271
15.567110
15.478441
17.673256
20.295413
22.015402
22.531329
21.653234
18.982822
14.511650
15.567711
19.885114
22.147460
22.808427
22.535390
22.278660
22.805253
23.629151
23.896051
23.193485
21.365091
18.351226
14.355386
11.077502
12.075365
15.114763
17.266873
17.768364
16.346958
15.166296
19.444283
23.776955
26.374273
27.504522
27.347722
25.944028
23.343005
20.320718
19.335893
20.117579
20.553021
20.698153
21.298224
22.144431
22.424087
21.640592
19.573137
16.184168
12.054106
9.010278
9.754858
14.233191
18.045655
20.121277
20.489390
19.143687
16.383020
15.341044
17.443574
18.417950
16.711487
9.507373
9.468986
18.499481
21.917879
22.898858
22.003965
19.085386
13.662518
11.905330
15.910039
17.529527
17.055471
14.826779
10.755221
4.494383
3.627348
9.407079
13.595927
16.952511
20.030750
22.815741
25.044430
26.506032
27.079794
26.675127
25.193931
22.604658
19.539718
18.199829
18.509053
18.434167
18.604241
20.512873
22.797590
24.048240
23.852239
21.822651
16.647633
5.762611
17.057591
21.582343
23.308744
23.472261
22.499885
20.600657
17.881066
14.306465
10.236004
10.600144
14.950784
18.386407
20.649481
21.920935
22.227190
21.430205
19.173151
14.933953
12.859929
17.477429
20.563419
21.773532
21.505647
19.872154
16.775995
11.908869
4.711516
-0.874210
5.229801
10.080358
12.688414
13.184898
11.188799
5.005115
5.176832
11.977469
14.472118
14.167246
10.627994
-2.615570
7.339430
12.969204
14.119812
11.919222
2.458876
6.343619
14.400748
17.364654
18.113495
17.457909
16.376061
16.369849
17.253566
17.545750
16.488156
13.900307
11.702401
13.852016
16.494339
17.744124
17.773283
16.924146
15.574433
13.963624
11.763449
7.640523
-3.477244
5.737841
12.461073
15.864979
17.671750
18.308060
17.816874
16.056850
13.120621
11.826860
14.434537
16.885920
18.466452
19.996548
21.943526
23.847269
25.114809
25.431798
24.590171
22.263581
17.602772
6.648556
7.034364
12.549086
11.705108
5.389685
7.086086
12.752690
13.604466
10.648380
11.989088
18.544319
22.226311
23.725175
23.361071
20.816632
14.154065
4.484155
16.444902
19.153492
18.537565
16.136951
17.684414
21.531525
23.553858
23.553310
21.198389
14.306902
10.569894
19.950795
23.076452
23.485122
21.503995
15.734758
10.131182
19.582331
23.551156
25.329668
26.027774
26.257374
26.359031
26.299137
25.782612
24.508148
22.389801
20.205790
19.930718
20.896388
20.973226
19.156667
13.810782
-5.579864
14.768097
19.132102
20.277738
19.319462
16.649026
14.959794
17.381086
19.566083
20.078982
18.853381
15.510098
8.595665
5.910175
12.077687
14.417033
14.754207
13.930230
12.858263
13.255349
15.383081
17.491904
18.656896
18.574652
16.936561
13.049886
6.746215
10.198922
14.436762
16.701647
18.786458
21.278941
23.514152
24.899090
25.157008
23.997096
20.648060
11.251518
13.022279
21.355367
24.469308
25.359571
24.469308
21.355367
13.022279
11.251518
20.648060
23.997096
25.157008
24.899090
23.514152
21.278941
18.786458
16.701647
14.436762
10.198922
6.746215
13.049886
16.936561
18.574652
18.656896
17.491904
15.383081
13.255349
12.858263
13.930230
14.754207
14.417033
12.077687
5.910175
8.595665
15.510098
18.853381
20.078982
19.566083
17.381086
14.959794
16.649026
19.319462
20.277738
19.132102
14.768097
-5.579864
13.810782
19.156667
20.973226
20.896388
19.930718
20.205790
22.389801
24.508148
25.782612
26.299137
26.359031
26.257374
26.027774
25.329668
23.551156
19.582331
10.131182
15.734758
21.503995
23.485122
23.076452
19.950795
10.569894
14.306902
21.198389
23.553310
23.553858
21.531525
17.684414
16.136951
18.537565
19.153492
16.444902
4.484155
14.154065
20.816632
23.361071
23.725175
22.226311
18.544319
11.989088
10.648380
13.604466
12.752690
7.086086
5.389685
11.705108
12.549086
7.034364
6.648556
17.602772
22.263581
24.590171
25.431798
25.114809
23.847269
21.943526
19.996548
18.466452
16.885920
14.434537
11.826860
13.120621
16.056850
17.816874
18.308060
17.671750
15.864979
12.461073
5.737841
-3.477244
7.640523
11.763449
13.963624
15.574433
16.924146
17.773283
17.744124
16.494339
13.852016
11.702401
13.900307
16.488156
17.545750
17.253566
16.369849
16.376061
17.457909
18.113495
17.364654
14.400748
6.343619
2.458876
11.919222
14.119812
12.969204
7.339430
-2.615570
10.627994
14.167246
14.472118
11.977469
5.176832
5.005115
11.188799
13.184898
12.688414
10.080358
5.229801
-0.874210
4.711516
11.908869
16.775995
19.872154
21.505647
21.773532
20.563419
17.477429
12.859929
14.933953
19.173151
21.430205
22.227190
21.920935
20.649481
18.386407
14.950784
10.600144
10.236004
14.306465
17.881066
20.600657
22.499885
23.472261
23.308744
21.582343
17.057591
5.762611
16.647633
21.822651
23.852239
24.048240
22.797590
20.512873
18.604241
18.434167
18.509053
18.199829
19.539718
22.604658
25.193931
26.675127
27.079794
26.506032
25.044430
22.815741
20.030750
16.952511
13.595927
9.407079
3.627348
4.494383
10.755221
14.826779
17.055471
17.529527
15.910039
11.905330
13.662518
19.085386
22.003965
22.898858
21.917879
18.499481
9.468986
9.507373
16.711487
18.417950
17.443574
15.341044
16.383020
19.143687
20.489390
20.121277
18.045655
14.233191
9.754858
9.010278
12.054106
16.184168
19.573137
21.640592
22.424087
22.144431
21.298224
20.698153
20.553021
20.117579
19.335893
20.320718
23.343005
25.944028
27.347722
27.504522
26.374273
23.776955
19.444283
15.166296
16.346958
17.768364
17.266873
15.114763
12.075365
11.077502
14.355386
18.351226
21.365091
23.193485
23.896051
23.629151
22.805253
22.278660
22.535390
22.808427
22.147460
19.885114
15.567711
14.511650
18.982822
21.653234
22.531329
22.015402
20.295413
17.673256
15.478441
15.567110
16.563271
16.893331
16.461956
16.265933
17.695661
20.009069
21.883753
22.924767
23.134516
22.635631
21.673199
20.682637
20.177515
20.345084
20.927328
21.524692
21.768886
21.338874
19.927026
17.156268
12.504501
6.650983
5.525160
4.324728
7.264089
14.677428
19.388784
22.229756
23.868386
24.747995
25.229421
25.534462
25.625474
25.244799
24.057192
21.725281
18.309058
16.950920
19.354528
21.109710
21.179929
19.408573
15.631332
14.253590
18.501769
21.345771
22.329311
21.630770
18.877286
12.010632
7.382805
16.991189
20.472949
21.494961
20.753256
18.481445
16.601918
18.950289
22.030266
23.879520
24.580748
24.365079
23.496571
22.426508
21.812554
21.943931
22.398108
22.693145
22.654756
22.352101
22.020347
21.916094
22.039699
22.083334
21.707624
20.768073
19.468980
18.403035
17.740385
16.393122
12.114183
2.516611
16.100227
21.683994
24.460791
25.556689
25.308015
23.898049
21.946364
21.267199
22.238966
22.913983
22.360407
20.380889
17.226058
14.501062
12.933059
8.195475
5.780224
16.814389
21.537479
23.610371
23.769790
22.073878
18.783445
18.540349
22.041594
24.130066
24.366800
22.767007
18.992171
13.939620
15.674494
17.936958
17.197652
12.291450
1.742956
14.556140
18.511298
19.313947
17.792847
13.485657
2.844033
1.620226
6.290039
6.606811
12.437930
17.590777
20.567342
21.953845
22.115662
21.264993
19.518386
16.813995
12.588056
5.508812
6.598133
11.187173
11.649524
6.438375
3.971441
16.106947
21.031970
23.462899
24.259116
23.711460
22.160963
20.924910
21.711298
23.149766
23.640081
22.664633
19.762521
14.859346
16.859680
21.868433
24.826424
26.391572
26.929765
26.509929
24.964921
21.768893
15.535920
12.911117
19.376602
22.301162
23.100194
22.438169
20.779322
19.099001
18.731965
19.557087
21.039603
23.113981
25.257752
26.859511
27.622336
27.434159
26.251328
24.211317
22.301720
22.325409
23.484667
24.094583
23.695116
22.269045
19.862102
16.427148
11.332516
4.270733
10.887200
16.226460
18.994338
20.161880
20.127443
19.173620
17.646787
15.806138
13.127627
6.890430
-0.288162
13.319262
18.176829
20.630011
21.814636
22.330258
22.590507
22.641077
22.062629
20.046517
14.673565
9.090802
19.723793
24.520157
27.022665
28.237128
28.648856
28.678634
28.726573
28.951483
29.167429
29.102057
28.634622
27.856328
27.040020
26.466828
26.231866
26.418207
27.266780
28.719357
30.246988
31.369067
31.858908
31.654435
30.817311
29.624617
28.666837
28.377842
28.348332
27.878679
26.633860
24.947451
24.370001
25.618552
27.030567
27.689554
27.558452
26.893651
26.026181
25.019617
23.358648
19.804792
10.376072
16.157745
23.211371
26.468049
27.923813
28.147655
27.364707
25.677116
23.143278
19.912842
16.979594
16.894138
18.800292
20.237715
20.569376
19.764925
18.255526
17.568766
18.488932
19.283502
18.832378
17.352704
17.735219
21.025930
23.941684
25.696348
26.429749
26.315148
25.457702
23.838293
21.155628
16.310238
6.670832
15.439820
21.095492
23.972567
25.400644
25.832098
25.465574
24.370126
22.471977
19.439968
14.383117
8.396085
13.859403
17.999096
20.080471
21.124039
21.802799
22.578910
23.543050
24.508640
25.301172
25.851677
26.148242
26.219691
26.209705
26.452470
27.256056
28.470129
29.625072
30.361809
30.515848
30.043970
28.998384
27.579278
26.185361
25.171406
24.392087
23.382003
21.907745
20.294589
19.401752
19.515620
20.085610
20.965559
22.223783
23.493925
24.259452
24.188861
23.078700
20.736009
17.007567
12.636281
10.486711
8.680468
1.583965
5.722752
12.925303
15.816929
16.770482
17.576981
19.781489
22.440404
24.352233
25.216600
25.010264
23.712051
21.234710
17.415100
12.447394
10.551150
13.750993
16.760892
18.757318
19.817476
20.172472
20.275296
20.542211
20.766060
20.193620
17.827786
12.107848
14.313240
21.122661
24.786102
26.679630
27.353203
27.032901
25.847758
24.101670
22.924909
23.695946
25.393654
26.621577
26.938773
26.198590
24.204268
20.501923
13.912502
7.793281
13.434594
16.240788
17.818428
19.013937
19.504579
18.877660
17.656602
18.511363
21.252913
23.176488
23.548488
22.094334
18.015003
9.671676
14.634408
18.969842
19.957188
19.028328
17.684863
17.666790
17.603664
15.039944
10.309483
17.767208
22.925689
25.303348
25.718992
24.240753
20.245046
12.423254
15.738247
19.878630
20.651050
19.525286
18.513326
19.319185
19.814099
18.066664
13.478634
16.828277
22.208552
24.743996
25.230662
23.917105
20.824666
17.502808
18.185503
19.265264
18.132498
15.998965
18.593895
22.268542
24.186557
24.671374
24.468334
24.673031
25.637927
26.493859
26.513876
25.380785
22.844672
18.430046
10.840860
0.777336
5.601010
6.372358
5.716902
4.650092
4.661228
10.005130
14.510218
16.863727
17.733832
18.593120
20.873971
23.469989
25.091789
25.324050
23.918543
20.731045
19.069973
22.516680
25.057717
25.637807
24.370552
21.727777
21.633954
25.011126
27.575096
28.854219
29.178432
28.852712
28.067176
26.792037
24.712796
21.236606
16.180593
16.352535
19.993238
21.615745
21.527136
20.227991
18.400307
16.900874
15.709784
14.129627
12.725747
13.439909
15.515309
17.702002
19.911918
21.868220
23.162895
23.629011
23.440759
23.189138
23.424428
23.708345
23.035733
20.456178
16.772354
21.040805
25.760267
28.291200
29.202708
28.739080
26.869636
23.258833
17.487952
16.687511
21.270103
24.003221
25.301137
25.371548
23.982467
20.611223
18.037684
22.821588
26.705032
28.727510
29.436337
29.191553
28.265213
26.804413
24.655158
21.723945
21.517147
25.538082
28.686387
30.176784
30.028443
27.898316
22.385950
18.823856
26.782174
30.552991
32.113647
32.276493
31.473651
30.241458
29.321359
28.946290
28.543033
27.772393
27.305040
28.214143
29.873435
31.123212
31.551491
31.092314
29.720377
27.309880
23.389725
16.493061
16.225690
23.282019
27.222720
29.632819
31.232526
32.485423
33.709159
34.960478
36.061118
36.790510
37.000704
36.622587
35.662026
34.255397
32.803098
31.921970
31.784295
31.871647
31.675526
30.960641
29.613157
27.509220
24.469583
20.382369
16.099944
14.835710
17.792403
22.535076
26.697780
29.687689
31.556641
32.422807
32.383489
31.553681
30.190412
28.866511
28.211716
28.101113
27.956091
27.560078
27.069002
26.625428
26.076848
25.149705
23.788089
22.303805
21.116916
20.533978
21.711020
24.876781
28.086077
30.419627
31.791747
32.298310
32.091221
31.415026
30.632037
30.039893
29.576482
28.936007
27.944977
26.733679
25.620269
24.694248
23.713390
22.740038
22.500300
23.073064
23.339060
22.538239
21.554964
23.747036
27.502948
30.303466
31.931941
32.529093
32.185394
30.900816
28.533439
24.586287
17.295169
14.833283
22.682580
26.533029
28.589414
29.512576
29.533343
28.761646
27.311114
25.424749
23.597819
22.362889
21.691701
21.094823
20.080189
18.011311
13.246477
-14.554769
14.637918
20.553648
23.373378
24.503185
24.346215
23.128830
21.384999
20.438890
20.787863
20.970930
19.770020
16.020188
7.937101
15.813191
21.696259
24.902657
26.761247
27.733110
27.991862
27.574678
26.434625
24.463055
21.544141
18.046781
16.718494
18.819532
21.262052
23.189792
24.580787
25.353757
25.344111
24.322896
22.006996
18.935397
19.986630
23.813803
26.475633
27.846873
28.148737
27.494490
25.911627
23.389314
20.026369
16.694095
15.691917
16.966064
18.520185
19.566049
19.777573
18.876843
16.529296
12.417081
8.739518
10.361974
12.820298
16.558043
21.183564
25.051551
27.840699
29.660064
30.634509
30.845357
30.330263
29.085947
27.067119
24.194160
20.461273
16.586770
14.709892
14.291820
12.712869
8.571381
8.253878
14.673934
18.699159
20.973371
22.049403
22.177088
21.508473
20.255315
18.873680
17.997624
17.790833
17.984765
18.690932
20.045918
21.505753
22.373409
22.202959
20.636429
17.495150
16.290131
20.280790
23.536655
25.264590
25.808975
25.465759
24.645399
24.165863
24.882681
26.502240
28.169081
29.419124
30.074806
30.046287
29.279377
27.834636
26.255161
25.915007
27.136183
28.571386
29.482667
29.748944
29.374575
28.331737
26.621701
24.850301
25.074125
27.319793
29.399936
30.566968
30.750964
29.950638
28.118452
25.165424
21.207736
17.974464
18.114713
19.371775
20.294627
20.851703
20.922660
20.248765
18.570252
15.507213
9.681994
-4.070917
12.352745
18.487288
22.028546
24.087372
24.993435
24.873491
23.753293
21.512615
17.524985
8.002912
11.249960
20.152170
24.518199
27.036918
28.317068
28.596702
28.048632
26.954814
25.827221
25.080691
24.385458
22.915489
19.733150
13.428417
12.735068
18.465483
21.042441
21.864794
21.783319
21.356793
20.720816
19.577948
17.941505
17.673304
19.924508
22.153681
23.214248
22.990101
21.465083
18.621391
15.016862
14.015541
17.016215
20.673383
23.820792
26.150559
27.576982
28.102507
27.762738
26.663039
25.175942
24.209115
24.435287
25.168600
25.551115
25.250717
24.283660
23.337926
24.173312
26.725930
29.198501
30.893121
31.718841
31.681423
30.770067
28.939881
26.109397
22.114571
16.230179
3.645356
14.598417
21.355974
24.996363
26.973128
27.735683
27.538843
26.691791
25.716743
25.111019
24.709154
23.897290
22.358915
20.680264
20.500874
21.590078
22.338330
22.393410
22.354523
22.937840
23.852481
24.297339
23.810736
22.220419
19.625552
16.967219
15.682797
14.407773
10.002507
-0.355588
13.591246
18.750702
21.181317
22.202760
22.490200
22.628846
22.964657
23.370931
23.516290
23.194537
22.350812
20.962109
18.837692
15.214863
6.534411
6.319430
16.075100
20.077342
21.954444
22.364145
21.398701
18.877320
15.173550
15.756096
19.636130
22.243010
23.625169
24.182569
24.206282
23.881581
23.296276
22.528589
21.812441
21.501165
21.567120
21.425868
20.388192
17.743686
12.575319
11.192186
16.367558
18.854814
19.082557
17.195909
12.354328
2.486224
9.121917
12.566678
12.378253
10.119990
9.710877
12.060972
12.961185
11.556133
9.408970
11.843677
14.707337
15.052723
11.980583
9.485169
17.567440
22.451587
25.045315
26.100303
25.888274
24.497830
22.023832
18.982445
16.541585
14.170807
8.406712
10.513129
18.478501
22.424534
24.252966
24.574863
23.663709
21.962330
20.756569
21.065366
21.593920
21.123803
19.317207
16.609463
15.104456
15.050144
13.157706
5.033553
11.666575
18.903369
22.141778
23.233676
22.631079
20.573779
18.599325
19.690743
21.474008
21.699148
19.664823
13.360974
3.078509
16.789334
20.242697
20.572351
18.286586
12.470977
11.028014
16.441836
17.993775
16.210758
8.952939
10.111996
17.710669
20.388651
20.416550
17.830627
10.716961
9.452547
16.418831
18.398305
17.341277
12.927476
10.376507
16.526862
19.582110
20.193117
18.813123
15.777328
14.874738
18.427798
21.500194
23.535969
24.903923
25.766218
26.093448
25.787560
24.770072
23.043927
20.812756
18.714054
17.797902
18.522104
20.129926
21.596401
22.287441
21.853469
20.005076
16.686378
14.859685
17.360631
19.236420
19.287575
17.620320
15.013861
14.549299
16.069115
16.530723
15.363668
13.491409
13.378463
14.105294
12.681580
5.514147
10.318866
18.456966
22.512557
24.716503
25.791389
26.143137
26.118305
26.044736
26.142027
26.423552
26.729812
26.836096
26.524066
25.618556
24.063106
22.209775
21.220032
21.653065
22.270131
22.165839
21.256219
20.105348
19.817325
20.645767
21.815544
22.985815
24.165859
25.233028
25.940576
26.103950
25.666589
24.704499
23.436508
22.174566
21.183889
20.775208
21.471074
23.195754
25.093264
26.553721
27.376409
27.532721
27.065928
26.142735
25.246360
25.141522
25.931101
26.850121
27.279881
26.958345
25.769298
23.645425
20.648300
17.371724
15.237518
15.214366
17.625996
21.086965
23.946218
25.764480
26.526355
26.248395
24.896711
22.394985
18.810982
15.198431
13.260420
10.993776
4.271994
3.169658
10.496398
12.029724
11.219096
15.059587
20.531629
24.114449
26.072101
26.689340
26.057907
24.108334
20.619872
15.838289
15.114095
18.785599
21.891033
24.154001
25.518648
25.814198
24.858876
22.692392
21.310361
23.596508
26.290480
27.759879
28.038528
27.328822
25.883548
24.054343
22.158144
20.325657
19.226544
20.027259
21.534236
22.043125
20.709260
16.073995
-19.717150
16.384917
21.553872
23.460091
23.564719
22.319468
20.007553
17.058542
14.672237
15.863428
19.675840
22.962542
25.111126
26.206992
26.413258
25.926881
25.025388
24.095333
23.534000
23.489531
23.683049
23.550992
22.448247
19.579347
14.797862
17.560231
22.197130
24.221981
24.022348
21.188078
13.470736
17.545453
23.929482
26.722861
27.686418
27.536525
26.892881
26.340756
25.863704
24.803211
22.686652
21.336542
24.183947
27.511050
29.593496
30.557673
30.636093
30.006713
28.793280
27.050704
24.776869
22.124913
20.039172
19.727277
20.191294
20.148644
19.457065
18.574832
17.880221
17.364556
17.830663
20.258776
23.146248
25.241597
26.342837
26.596318
26.352126
26.155141
26.344979
26.628625
26.486791
25.605929
23.889594
21.421549
18.418101
14.708143
8.344588
5.289130
13.685251
17.230823
18.152564
16.935698
13.502054
10.400640
13.106655
14.953430
14.088185
10.134527
8.893136
14.428964
17.538711
18.947014
19.927761
21.411286
23.116302
24.270874
24.430085
23.305029
20.407959
14.569961
11.727719
17.756012
20.536250
21.169826
20.529832
20.171746
21.943743
24.566192
26.578666
27.711023
27.993316
27.456637
26.079134
23.778599
20.545707
17.759152
19.083406
22.112138
24.401458
25.728314
26.066906
25.240435
22.751474
17.359452
15.740715
22.706513
26.518845
28.427526
29.085801
28.777247
27.675335
25.974307
24.013730
22.377754
21.721033
22.139519
22.985899
23.542927
23.398693
22.407470
20.729743
19.052738
17.976390
16.463599
11.948995
5.854948
17.215115
22.460789
25.257493
26.661183
27.105716
26.879783
26.345079
26.126914
26.830959
28.213052
29.514427
30.251605
30.261761
29.639579
28.910294
28.947272
29.737461
30.303707
29.909250
28.058956
23.976913
17.497686
21.300756
25.309617
26.587051
25.943886
23.552779
19.054601
9.840996
8.031223
19.042974
24.405245
27.688850
29.479428
29.947217
29.066538
26.582017
21.829532
15.565325
18.231458
20.357300
19.385313
16.688700
18.566467
22.346046
24.270253
24.500673
23.402880
21.607845
20.317744
19.717255
18.227792
14.649267
14.821989
20.232920
23.524386
24.936251
24.878244
23.481518
20.743138
17.062412
15.586083
17.842433
20.219092
21.786926
22.416776
21.905758
20.103654
18.251926
20.019514
22.875474
24.205381
23.535209
20.093252
15.381976
22.195064
26.833239
28.935119
29.208166
27.666268
23.607470
15.988582
20.721841
25.026718
26.085050
24.766674
21.567987
21.670056
25.610776
28.057963
28.828492
28.215219
26.412790
23.755387
21.229523
20.474120
22.070724
24.842644
27.346179
28.935801
29.438971
28.795251
26.980285
24.337154
22.673591
23.158439
23.489742
22.296844
19.544318
18.858252
22.363307
25.279533
27.031005
28.074664
28.759494
29.184019
29.224311
28.661470
27.241658
24.609847
20.309435
17.573068
21.936731
25.599292
27.724070
28.721746
28.782556
27.981552
26.408372
24.383677
22.640448
21.535759
20.241492
18.520861
19.785341
23.810998
27.018719
28.992265
29.935270
30.024347
29.402169
28.238444
26.819058
25.609550
25.070987
25.238544
25.731553
26.131784
26.133620
25.509802
24.046894
21.463907
17.260088
10.441540
4.682510
7.782292
8.792632
10.617846
14.098028
16.749669
18.068292
18.408076
18.622912
19.735381
21.548241
23.154599
24.123120
24.384205
23.973190
22.925658
21.213238
18.651814
14.743162
9.000841
9.150565
13.593775
15.850080
16.585623
16.879784
18.220826
20.668761
22.997371
24.641253
25.607382
26.208024
27.018034
28.464063
30.291789
31.971891
33.198436
33.876252
34.012061
33.676961
33.027092
32.338857
31.944891
31.994388
32.337073
32.737996
33.068664
33.314715
33.521156
33.741906
33.998196
34.253178
34.417970
34.382633
34.045817
33.328262
32.175206
30.561559
28.521163
26.238869
24.202952
23.043479
22.756126
22.734594
22.571236
22.274308
22.218065
22.897057
24.335349
26.071716
27.710316
29.074203
30.102879
30.775356
31.081969
31.018385
30.588343
29.813391
28.754936
27.553683
26.462268
25.775732
25.631074
25.954509
26.644089
27.632522
28.791150
29.924314
30.866729
31.543591
31.966226
32.194589
32.279584
32.206956
31.885686
31.193021
30.053478
28.580329
27.347127
27.286922
28.456916
30.092087
31.741493
33.250423
34.523271
35.499490
36.190569
36.683498
37.083476
37.410366
37.540621
37.252339
36.290140
34.370502
31.196444
27.329314
27.098729
29.222219
29.842671
28.277767
23.215002
7.649543
23.763209
28.341255
29.908100
29.997570
29.710279
30.151500
31.147641
31.723802
31.364910
29.998794
28.069189
26.887327
26.922542
26.693238
25.150120
22.304426
20.838508
22.182770
22.478964
20.577538
20.393443
25.032603
28.422583
29.899688
29.684169
27.693786
23.302538
13.995267
9.069088
13.996359
17.356004
23.737582
28.108508
30.368285
30.860952
29.747675
28.008367
29.343286
32.689037
35.078766
36.211957
36.237231
35.282856
33.548026
31.777206
31.673904
33.415014
35.383242
36.816239
37.542189
37.507312
36.687501
35.160832
33.380987
32.369640
32.442491
32.574045
32.008353
30.574937
28.355222
25.261780
19.893781
15.679005
25.325086
30.370732
33.010123
34.011855
33.550328
31.472379
27.245396
21.635946
23.862361
26.176914
25.231666
20.007737
20.266676
27.789754
31.522968
33.269917
33.726099
33.194717
31.821011
29.646211
26.709062
23.947368
24.230433
26.264123
27.349772
26.791116
24.039699
19.484912
23.576340
28.623475
31.450714
32.850331
33.262549
32.966878
32.222344
31.338454
30.673812
30.526129
30.971852
31.837932
32.854289
33.804027
34.557654
35.039298
35.189349
34.947559
34.261181
33.136264
31.800900
30.972736
31.394533
32.612042
33.731506
34.340732
34.335808
33.702421
32.434696
30.495967
27.772725
24.129579
21.002315
22.908700
26.183584
28.246022
29.046807
28.625826
26.825851
23.085728
15.858233
15.787403
21.959094
25.110852
26.965314
28.131889
28.687691
28.484524
27.285544
24.735430
20.195709
14.688888
18.457419
22.934063
26.130347
28.621545
30.411487
31.366623
31.373760
30.336066
28.245968
25.825272
25.429671
26.845835
27.805756
27.873067
27.614778
27.966621
29.092988
30.363250
31.499131
32.637952
33.867596
35.006936
35.777647
35.979325
35.505444
34.333146
32.647439
31.283527
31.553838
33.076257
34.581415
35.566508
35.940355
35.695239
34.850381
33.532733
32.199176
31.669589
32.138455
32.835470
33.148726
32.895699
32.120743
31.052493
30.192208
30.134845
30.864744
31.768767
32.333069
32.289885
31.470307
29.686045
26.633158
21.826233
16.183501
16.441479
17.140570
15.972932
19.436701
24.753908
28.326957
30.425075
31.383756
31.398460
30.628683
29.368443
28.329310
28.459511
29.726841
31.333418
32.786787
33.893069
34.560496
34.750102
34.486271
33.889518
33.218324
32.850897
33.095299
33.950909
35.142660
36.344012
37.318260
37.946737
38.213379
38.188178
38.016035
37.896029
38.027749
38.513530
39.272466
40.075204
40.676332
40.912922
40.743720
40.283652
39.820059
39.641580
39.695401
39.605588
39.008361
37.698040
35.653861
33.210746
31.211058
29.956816
28.395100
25.494961
21.850616
22.267512
24.438562
25.652746
27.234104
29.667023
31.709017
32.596036
32.057454
29.883930
26.710785
27.441414
30.573045
32.187259
32.015081
29.905145
24.927208
16.058306
22.558293
25.859795
25.657580
22.877233
22.680626
27.546202
30.913743
32.596986
32.986974
32.245768
30.338687
26.957561
21.058255
11.867826
19.169269
23.490522
25.507936
26.261174
25.926698
24.344553
21.497407
20.339371
23.444216
26.033490
26.927873
26.069549
23.028307
15.951450
10.387923
17.919270
19.466299
19.352751
22.142246
25.903890
28.183493
28.855090
28.116492
26.756826
27.094089
29.212528
30.840323
31.242882
30.321784
27.986219
24.075936
18.779328
15.312101
18.451554
23.586057
27.560918
30.057989
31.250348
31.332575
30.556217
29.380321
28.341139
27.257266
24.914982
18.425495
15.292264
25.631050
29.724140
31.411000
31.459483
30.060695
27.409113
25.250427
26.502256
28.680289
30.210126
31.390406
32.589275
33.733140
34.494132
34.585355
33.781242
31.787309
27.991812
21.507394
22.894174
28.051406
30.647002
31.753759
31.908022
31.373487
30.352213
29.398126
29.844569
31.914064
34.079417
35.437679
35.676857
34.487819
31.054353
21.843844
25.748005
32.871091
35.791148
36.672463
35.977154
33.653882
29.285173
23.879001
25.345027
27.132586
26.102477
23.179207
24.684049
28.440244
30.154328
29.754855
27.103326
23.200515
25.909248
29.671362
31.259405
30.993203
28.886181
24.541128
19.958484
22.918620
25.250369
25.341199
23.937737
22.626250
23.097659
23.916145
23.625685
22.165428
21.171947
22.783810
25.075573
26.612993
27.384651
27.615570
27.450189
26.927222
26.147433
25.541372
25.667786
26.284111
26.532508
25.718787
23.140726
16.901803
8.978338
19.914245
23.574465
24.519507
23.745050
22.597685
24.151316
27.407972
30.037938
31.756051
32.736843
33.168412
33.212346
32.998487
32.606331
32.046173
31.266893
30.196093
28.792439
27.083539
25.159851
23.236320
22.455402
24.617328
28.042629
30.883308
32.763743
33.658143
33.526281
32.206657
29.238736
23.009592
0.328748
22.572405
26.688422
28.126689
28.910454
30.371518
32.417269
34.165288
35.163989
35.287667
34.478052
32.639850
29.590796
25.027613
18.703070
13.148290
15.964429
21.336996
25.277198
27.543687
28.473969
28.823589
29.975779
32.244904
34.431299
35.832144
36.320178
35.976914
35.069489
34.153688
33.740320
33.543909
32.781439
30.757876
26.728198
22.107057
26.113112
29.949298
31.838536
32.415839
31.978184
30.832070
30.183529
31.684920
34.031894
35.598478
35.899917
34.651115
31.294404
26.524277
29.991159
33.925266
35.396726
34.817025
31.908355
24.584274
19.416532
28.045760
29.970939
28.430758
22.915143
22.413180
28.334993
30.417224
29.688901
25.802010
18.426403
24.120600
27.569426
27.236362
22.458272
11.102826
25.291893
29.269945
29.910837
27.816387
21.816113
19.626765
26.013394
28.144534
27.712356
26.131152
26.529388
28.520633
29.319724
28.217395
25.624969
25.845217
29.096795
31.002215
31.041812
29.105600
24.406436
12.960517
16.327957
20.274954
20.206019
22.785576
27.201394
30.055497
31.296614
31.201787
29.990627
27.967246
25.748901
24.260222
24.375785
26.231943
28.584117
30.369597
31.277306
31.319177
30.636146
29.506418
28.399018
27.863490
28.146662
28.978000
29.844596
30.326648
30.187418
29.331399
27.798621
25.995976
25.341099
26.996718
29.490139
31.510509
32.682245
32.888216
32.022119
29.937277
26.662813
24.059076
24.985071
26.333388
26.387318
25.177441
22.922345
19.514753
14.625667
17.658706
23.576059
26.898901
28.224248
27.681843
24.726676
16.587220
17.433484
24.674819
27.036908
26.834694
24.224176
18.299027
15.873854
20.852666
22.091517
19.839360
10.850369
15.714481
23.310189
26.799943
28.555361
29.170973
28.807345
27.690801
27.108613
28.807436
31.286462
32.989495
33.675054
33.585411
33.389254
33.899215
34.926746
35.575598
35.234763
33.488936
29.760749
24.622091
27.082769
30.447462
31.332071
29.988376
25.847327
17.588218
22.879085
27.286895
28.827825
29.290726
29.965014
31.063398
31.764499
31.383315
29.409026
24.857224
15.162014
20.685024
24.837697
25.081767
21.926278
11.036865
16.528352
22.413656
23.446026
22.365514
24.062046
28.445658
31.596956
33.252009
33.645434
32.919361
31.154448
28.501389
25.591544
24.307938
25.941353
28.713387
31.124207
32.707422
33.374500
33.181894
32.365778
31.498026
31.212666
31.297752
30.960178
29.688631
27.624407
26.632096
28.229368
30.138800
31.260213
31.749513
31.981356
32.118178
31.933151
30.977398
28.673100
23.840941
9.282262
18.224410
23.445998
24.109121
21.630196
14.873010
16.833140
22.786540
25.789157
28.115273
30.686002
33.151038
34.973942
35.916383
35.870112
34.688100
32.048843
27.409241
24.170313
28.311995
31.190082
32.162280
31.618861
29.562423
25.487854
17.598946
16.036954
21.900937
23.812704
23.685088
22.370974
21.361817
22.919566
26.032066
28.944581
31.213830
32.753649
33.502321
33.361485
32.159018
29.637954
26.147462
26.190125
29.436980
31.531673
32.142344
31.418608
29.404269
26.197715
22.772097
21.517671
22.394200
24.556557
27.211174
29.138745
29.823827
29.346470
29.008817
31.030341
33.976346
36.072596
37.013014
36.807405
35.442348
32.853047
29.051319
24.683960
21.626960
22.439098
26.771494
30.454458
32.506235
32.988328
32.006739
30.077703
29.470723
31.059125
32.166616
31.585335
28.638811
21.080903
18.162535
25.251017
26.354073
23.935964
23.240561
28.320196
31.359164
32.072835
30.853044
29.208322
31.115880
34.155098
35.778493
35.805397
34.203602
30.758711
25.970464
25.096220
26.176277
24.717464
22.522179
26.296867
29.874667
31.368987
31.446006
31.271019
32.071594
33.273851
33.660813
32.625540
29.797511
25.985055
27.052811
29.795087
30.619829
29.584687
27.171682
25.415433
26.200294
27.288167
28.064487
29.405109
31.124025
32.274064
32.353065
31.171941
28.618309
24.882250
21.814043
21.195769
21.015819
22.287354
25.672883
28.805250
30.981747
32.286054
32.792469
32.486718
31.436672
30.313796
30.493293
31.591760
31.913187
30.454161
27.213953
29.187912
34.253126
37.329155
38.747439
38.915732
38.223459
37.373275
37.209856
37.582528
37.639544
36.931411
35.532543
33.975422
32.717545
31.171838
28.424154
27.280652
31.195078
34.265889
35.425092
34.772518
31.999854
25.378705
9.372521
25.872055
29.419607
30.756209
31.515397
31.833723
30.911150
27.175262
8.749354
26.439583
32.459474
34.682740
34.766244
33.302211
32.079969
33.709441
35.892845
36.832625
36.317868
34.353120
31.179187
28.398789
27.561685
25.905654
19.543839
16.265181
25.951542
28.925802
28.846901
25.773586
16.144295
17.684326
25.196266
27.960971
29.653763
31.230512
32.319996
32.245974
30.309435
24.794680
16.340511
27.595680
31.779562
33.554037
34.386663
35.193505
36.205518
36.982523
37.089637
36.346888
34.803405
32.860248
31.371288
30.878300
31.226955
32.447608
34.233761
35.832356
36.797602
37.046874
36.694145
35.982545
35.197064
34.465310
33.667385
32.621925
31.254152
29.515457
27.093762
23.031938
16.626936
21.903714
27.433917
30.683691
32.850263
34.479613
35.768179
36.709920
37.238654
37.319998
36.980427
36.301799
35.387553
34.297820
32.994917
31.364099
29.314002
27.008003
25.686524
27.570072
31.323901
34.857240
37.635877
39.595655
40.753562
41.158682
40.955358
40.552287
40.652202
41.507644
42.507009
43.032401
42.825357
41.866470
40.375272
38.912946
37.954104
37.010867
34.974948
30.234115
12.566480
27.227525
32.299401
33.568447
33.059980
32.613306
33.853961
35.342415
35.660783
34.364559
31.249109
27.877837
29.059074
30.484754
29.215983
23.617886
22.410572
29.770097
32.507047
32.356537
29.008639
16.447446
25.239538
31.365664
33.091883
32.277331
29.312631
27.733660
31.065068
33.390425
33.660134
31.810898
27.064393
19.595433
24.936620
27.845665
27.832384
27.428642
29.510897
31.940086
32.836982
31.710170
27.696950
22.252357
28.721938
32.552949
33.594028
32.637341
31.100501
32.729005
35.777323
37.569075
37.816574
36.548462
34.207383
33.764929
36.443670
38.803542
40.088937
40.594715
40.739248
40.862166
41.042980
41.161644
41.144884
41.062233
41.029247
41.114935
41.419296
42.118052
43.201480
44.325794
45.091314
45.246222
44.669474
43.334070
41.381566
39.409008
38.545417
39.137232
40.441483
41.877333
43.079127
43.755491
43.709512
42.831987
41.125035
38.921003
37.268417
36.980826
37.386152
38.213699
39.825076
41.848004
43.572221
44.673355
45.109168
44.943083
44.285297
43.290152
42.169408
41.197118
40.690696
40.956566
42.130726
43.983802
46.060790
47.999730
49.631170
50.928999
51.953805
52.805788
53.567681
54.250331
54.784690
55.065837
55.004194
54.556988
53.750736
52.704905
51.618911
50.639478
49.676435
48.425052
46.559495
43.927966
41.105758
40.116196
41.087393
42.216045
43.233670
44.387977
45.515096
46.232089
46.315376
45.778856
44.905051
44.203204
43.924632
43.710688
43.169258
42.449590
42.237441
42.729975
43.135930
42.714804
41.112085
38.450984
36.772074
38.074930
39.499616
39.759218
39.192273
38.829876
39.304409
39.798142
39.411667
37.840680
35.666123
35.254253
36.656427
37.381019
36.598940
34.200343
31.214240
31.428206
33.165531
33.431550
31.640215
26.698735
12.420627
26.472172
32.148184
35.102210
36.642596
37.032866
36.312882
34.739530
33.704660
34.681618
36.015472
36.224936
34.960189
32.797037
32.955678
35.560396
37.372844
37.746302
36.653317
33.853389
28.198495
5.082288
26.125418
31.881703
34.732563
36.109192
36.231435
34.983864
31.996167
26.887229
25.049716
28.357493
29.667242
29.256706
28.415870
28.033905
26.791858
21.273512
16.457283
28.911542
33.369129
35.009142
34.499469
31.419786
22.983540
23.899663
30.516668
31.975463
29.926967
21.229280
24.970177
32.678513
35.710544
36.622135
36.067641
34.344710
31.800348
29.271375
28.330566
29.575682
31.594597
33.216683
34.116006
34.413091
34.454841
34.633004
35.291616
36.761270
38.923283
41.092717
42.690664
43.446233
43.248106
42.093832
40.349911
39.342523
39.904854
40.566715
40.172218
38.473590
36.420401
36.852329
38.660433
39.310415
38.114166
34.396040
27.610862
31.197431
35.126035
35.795750
33.735376
28.503934
28.272518
33.360543
35.566632
35.831972
35.024698
34.166604
33.781693
33.080701
31.190472
28.946634
30.167536
32.532567
33.145379
31.318703
25.094133
19.523328
30.018547
33.659011
34.891811
34.878210
34.441013
34.151808
33.788948
32.619705
29.859193
24.096899
7.098552
19.009098
21.807211
19.834452
13.133104
5.127553
13.519636
22.555891
28.952368
32.996828
35.280716
36.078540
35.406154
32.941574
27.346716
-4.030150
25.512043
30.088667
31.553285
31.519114
30.528782
28.976942
28.170009
29.951984
32.685928
34.647494
35.535639
35.496602
35.052972
35.216983
36.397972
37.782054
38.726303
39.121574
39.092165
38.797480
38.312400
37.617514
36.736940
35.905249
35.472027
35.431081
35.360984
34.915929
34.066851
33.079521
32.303851
31.804676
31.401089
31.072608
30.985938
31.110026
31.100867
30.564197
29.113689
26.028758
18.524355
17.127775
27.009628
31.358408
33.684242
34.811684
35.156011
35.100635
35.050388
35.283254
35.870203
36.813291
38.057558
39.394266
40.554820
41.350541
41.685701
41.507436
40.780486
39.583170
38.525548
38.925680
40.700017
42.414746
43.377978
43.460775
42.750583
41.626227
40.888063
40.946880
41.045821
40.277297
37.977453
33.064748
22.095616
27.484199
31.030658
29.703048
22.380686
26.030535
32.515122
34.645551
34.062781
30.645096
25.040941
28.528835
31.345584
30.358924
25.181662
29.700799
35.878147
38.831742
39.727591
38.864046
35.976109
29.647536
19.216796
28.970215
32.242376
33.815657
35.584314
37.353623
38.284261
37.920230
35.906700
31.574030
25.166843
27.465579
29.629758
27.750089
17.116228
23.632085
30.811646
32.981845
32.376647
29.087712
26.575375
31.138723
34.176872
34.872968
33.368900
28.914107
22.286355
28.711288
32.390938
33.250937
32.092250
29.308569
27.197308
28.778879
30.625209
31.587904
32.570124
34.172120
35.768153
36.595479
36.213555
34.107683
28.957578
25.173041
33.100372
37.292340
39.379252
40.209102
40.245086
39.968993
39.913643
40.260848
40.673014
40.756501
40.357604
39.580557
38.776678
38.356019
38.345806
38.389383
38.187072
37.656934
36.847636
35.815368
34.555266
33.089493
31.764210
31.355445
32.041061
33.049450
33.872609
34.499655
35.044839
35.463631
35.530429
34.984539
33.657130
31.732898
30.536262
31.473646
33.081893
34.085611
34.326098
33.945703
33.071449
31.762332
30.521143
31.179798
33.780815
36.145739
37.418674
37.419593
36.037729
33.542967
32.842979
35.446975
37.545894
38.080495
36.902908
33.545936
27.104387
27.498440
31.794644
32.660346
30.539947
25.741849
28.464742
32.984299
34.746001
34.380420
32.195689
29.659479
30.562080
32.314381
32.248639
29.769621
24.932965
26.316932
30.002783
30.761642
28.593580
23.827410
26.796208
31.053720
32.345185
30.956052
25.797398
20.363960
28.543771
31.652622
31.946022
30.917316
31.715987
34.538817
36.556026
37.064099
35.922097
32.677418
25.715661
21.926379
28.476312
30.708862
31.308416
32.081591
33.400132
34.246378
33.844658
31.619460
26.135335
3.799562
24.729683
28.992721
30.177591
30.297064
30.717802
31.665090
32.284495
31.986951
30.595304
28.188232
25.267927
22.547478
19.049176
11.764150
19.001346
25.551339
29.133287
31.200557
32.284256
32.620641
32.390325
31.961383
31.988200
32.718447
33.492931
33.555291
32.387996
29.355777
22.946186
19.762510
25.937088
27.830085
26.577289
20.935184
9.043423
23.650001
27.155444
27.285155
24.426402
18.312962
22.442234
27.159549
28.962131
28.968361
28.052696
27.663425
28.509072
29.358873
29.258901
27.881926
24.992204
20.254331
14.493529
14.063565
16.917610
20.994893
25.135076
28.317401
30.433891
31.570274
31.789721
31.150841
29.888406
28.841206
29.093676
30.107762
30.722438
30.529024
29.709006
29.065594
29.519402
30.656711
31.525195
31.677250
30.906615
28.894384
24.895235
19.831403
24.781212
29.144060
31.108578
31.231960
29.405479
24.424524
12.043164
23.926102
28.258883
29.209358
27.675645
23.027488
18.721619
24.991055
28.210132
28.893877
27.582292
24.374299
21.614554
24.060664
26.564921
27.404668
26.766579
24.711137
21.081085
16.579399
16.699865
18.777041
18.420456
13.740766
12.200523
21.923589
26.668282
29.130200
30.080837
29.768266
28.232781
25.405120
21.394089
18.577943
20.646756
23.991443
26.834284
28.932191
30.212144
30.688809
30.445380
29.633572
28.460626
27.072512
25.347646
22.811498
18.680334
13.572935
16.191219
19.474195
20.160720
17.774682
5.630650
17.445309
25.414241
29.619138
32.087841
33.368013
33.688456
33.221414
32.278516
31.495928
31.469104
31.954746
32.374157
32.586282
32.837706
33.336452
33.907901
34.173317
33.838927
32.736219
30.806939
28.354867
26.878729
27.693975
29.167809
30.075516
30.214463
29.600502
28.245979
26.144017
23.350704
20.377206
19.024608
20.327961
22.528029
24.557966
26.209500
27.481060
28.412675
29.040411
29.385048
29.471016
29.363634
29.201457
29.189726
29.514697
30.205255
31.086699
31.889379
32.378854
32.417401
31.999768
31.321707
30.799821
30.740933
30.951107
31.112536
31.320421
31.987803
33.127083
34.190502
34.676481
34.318902
32.963183
30.506028
27.123092
24.110842
22.547334
19.902104
15.435965
22.265729
27.607115
30.330222
31.332755
30.936199
29.239180
26.483951
24.231531
24.496278
25.221154
24.693781
22.502515
18.448945
13.848932
13.818800
16.200040
20.099171
24.271030
27.404910
29.336048
30.145649
29.866027
28.422175
25.638832
21.901255
21.409026
24.212541
26.074182
26.568945
25.804697
23.675855
19.623642
11.458525
3.297261
11.335062
11.687908
15.875135
22.695242
27.341872
30.289995
31.979712
32.635444
32.371132
31.244868
29.273674
26.367898
22.103460
17.423465
21.871765
26.922149
30.015890
31.741881
32.422218
32.244173
31.343382
29.788590
27.429266
23.510085
15.591296
17.994287
24.553208
27.301524
27.928043
27.021716
25.733262
26.484460
28.429666
29.333547
28.358205
24.253516
9.346557
24.621833
30.402364
33.019870
33.990493
33.788570
32.660548
30.899016
29.081973
27.921121
27.399204
26.947944
26.486746
26.556799
27.382335
28.308061
28.632907
27.954267
25.989597
22.964358
22.769773
26.445082
29.597209
31.771777
33.234302
34.091582
34.289798
33.690157
32.171142
30.057358
29.381478
31.265872
33.312248
34.561179
35.178502
35.567887
36.009340
36.410801
36.449143
35.842270
34.431318
32.210886
29.529240
27.305439
26.036848
25.295440
25.760075
27.864394
30.124914
31.722972
32.644369
33.052073
33.034831
32.535345
31.437674
29.868374
28.779490
29.210065
30.078469
29.970463
28.048675
22.676068
12.077352
24.535906
28.762435
30.065307
29.450551
27.232911
24.952911
26.375837
28.973639
30.415882
30.624668
29.731240
27.775370
24.716603
20.712228
17.622818
17.805242
18.517101
18.216368
17.032645
15.677900
15.339385
16.683763
18.871208
20.736797
21.648797
21.370654
20.278632
20.644099
23.443561
26.070954
27.592161
28.065999
27.746279
26.988168
26.076025
24.934487
23.633084
24.153190
27.266608
30.228374
32.035962
32.615910
31.918303
29.673537
24.944447
13.904131
20.783073
26.201368
28.335758
28.924296
28.531612
27.469653
26.173255
25.434708
25.642823
26.028057
25.759126
24.543871
22.765863
21.973832
23.147803
25.312189
27.910294
30.461038
32.400930
33.404884
33.357602
32.480851
32.195720
34.201586
36.906520
38.857544
39.794848
39.698621
38.480634
35.829878
30.741042
17.615720
25.169883
30.481329
31.812450
30.928343
28.376882
27.092518
29.868123
32.275316
33.000314
31.890731
28.197370
16.996221
22.320804
29.150403
31.352460
31.209836
28.867861
22.970607
-1.034590
22.114906
25.691497
25.768089
23.631978
22.932808
27.042576
30.680500
32.927747
34.075851
34.337860
33.916088
33.241162
33.091924
33.786026
34.613348
34.831184
34.049580
31.967507
28.089253
21.517507
17.565736
20.866283
22.318655
24.725807
28.134036
30.571833
31.544283
30.939360
28.353263
22.024883
6.334494
23.094942
26.665590
27.233131
25.907336
23.136563
20.130115
20.725566
25.017437
29.295387
32.479887
34.459196
35.233915
34.719790
32.620168
28.205270
23.186903
27.737678
30.972508
31.718840
30.531359
28.085150
27.735969
30.356067
32.310154
32.927201
32.458558
31.369311
30.329323
29.674219
28.963731
27.713853
26.100756
25.116783
25.483734
27.058501
29.586952
32.278882
34.412116
35.746534
36.326915
36.380795
36.314536
36.518417
36.971002
37.300520
37.185128
36.475293
35.122382
33.089499
30.237043
26.054101
18.437540
13.691384
23.929273
28.692556
31.583998
33.216936
33.587015
32.326528
28.146512
6.683691
27.800937
33.713112
36.085458
36.434795
35.031199
32.177195
31.173558
33.919530
35.942647
36.297620
35.103374
32.893029
31.835477
32.894275
33.422569
31.961525
27.061267
18.551214
28.282446
31.990894
32.423284
29.913248
21.575347
22.885912
30.731002
33.586282
34.312211
33.777352
32.731788
31.932377
31.256992
29.647204
25.584652
17.011951
24.614728
29.647268
31.647563
31.876202
30.745746
28.445913
25.205744
21.527928
18.048371
15.215261
14.219655
14.696050
15.691477
18.776561
22.541602
25.132211
26.226402
25.866815
24.537871
24.576492
27.183037
29.710667
31.191082
31.712255
31.579607
31.236450
31.085031
31.101286
30.895040
30.132740
28.741592
27.024816
25.621797
24.616309
22.996906
19.197545
8.143135
12.514607
18.411305
18.321751
11.371627
17.702301
25.818985
29.897647
31.995577
32.701585
32.233746
30.708295
28.393752
26.179476
25.110468
24.500107
23.384333
22.525748
23.456505
24.993251
25.784972
25.965429
26.562987
28.057763
29.504861
30.006656
28.987224
25.327697
11.617684
23.863429
30.752092
34.092692
35.784773
36.383289
36.159325
35.329825
34.118785
32.653509
30.712219
27.470576
20.433721
16.839393
26.435444
30.360620
32.178509
32.780296
32.526145
31.555197
29.893559
27.914268
27.395779
28.945189
30.219044
30.057261
28.920909
30.630840
34.917497
38.249947
40.219954
40.979137
40.611923
39.125718
36.591309
33.777299
32.648430
32.755281
31.942087
29.421917
26.602302
28.064531
30.220551
30.582808
29.569290
29.498244
31.906469
34.296603
35.599031
35.849833
35.230782
33.883018
31.779332
28.576519
24.575537
26.094751
30.242928
32.661977
33.515401
33.107497
31.775786
30.293043
29.745946
30.020684
30.323318
30.608855
31.108257
31.543607
31.361354
30.260258
28.592837
27.863446
28.481635
28.591454
27.119296
25.218803
27.589835
30.949648
32.532996
32.105034
29.038774
21.128871
26.616878
32.724581
35.530636
36.589058
36.445355
35.409450
33.840011
32.338558
31.617712
31.844209
32.522284
33.064178
33.045544
32.183110
30.281729
27.282975
23.677476
21.179671
21.954236
25.936833
29.919661
32.582079
33.823948
33.674300
32.211862
30.379186
30.924322
32.998288
34.130625
33.842023
32.597544
32.529693
34.731960
36.831198
37.756850
37.361700
35.559043
32.365829
29.817370
31.464428
33.606225
34.542092
34.473216
33.712386
32.414228
30.533430
28.373723
28.027013
30.014341
31.638300
31.846949
30.381838
27.327903
26.184576
29.262171
31.506336
32.040458
30.927219
27.796709
20.348857
19.436929
28.993309
33.787408
36.760804
38.580958
39.513970
39.767372
39.594046
39.246861
38.754640
37.764857
35.606325
31.231587
27.436505
33.162052
36.902149
38.435722
38.404456
37.145221
35.176006
33.579381
32.778527
31.683012
30.556702
32.464586
35.675364
37.669397
38.140810
37.078523
34.442815
31.100451
30.643483
31.574547
30.488943
27.542385
30.550970
35.343281
37.956754
38.813120
38.207425
36.293126
33.475778
31.036610
29.444828
26.327298
22.207586
29.143142
33.830492
35.897706
36.109106
34.666795
31.503296
26.523650
19.867927
16.915725
27.535988
33.854349
37.584554
39.569741
40.127980
39.358766
37.352020
34.970303
34.727520
36.032567
36.484605
35.496519
33.408863
32.210462
33.199186
33.829570
32.461513
27.249052
11.596063
30.170804
35.011796
37.207105
38.177831
38.616184
38.919653
39.100023
38.885358
37.964885
36.065293
32.915832
28.654219
26.887169
29.212533
31.192700
32.380820
33.328857
34.487311
35.967818
37.569229
39.019029
40.131793
40.822397
41.072208
40.899421
40.340612
39.444237
38.284360
37.001083
35.821161
34.921579
34.177261
33.181722
31.503003
28.876148
25.850706
25.046438
26.197200
26.476541
24.981728
21.601530
20.833311
25.152306
28.334798
30.060451
30.746859
30.654514
29.973596
28.990136
28.313847
28.656735
29.896435
31.336773
32.576796
33.514861
34.136966
34.421156
34.320602
33.772045
32.700263
31.008383
28.554406
25.135115
20.727336
17.572933
18.764111
20.541636
21.547354
21.898153
21.416826
19.603441
17.915031
22.213609
27.079892
30.221184
31.898697
32.273530
31.281042
28.543694
23.457671
23.211399
28.689165
32.055495
33.990235
35.026741
35.357080
34.965295
33.705309
31.447317
29.012047
29.617731
32.183092
33.906720
34.352664
33.501290
31.177969
26.751911
17.544783
10.814858
18.899730
19.400613
20.648757
25.671878
29.789018
32.430807
33.963605
34.664438
34.730187
34.325857
33.604812
32.693897
31.658202
30.496511
29.205265
27.891918
26.888876
26.686277
27.410576
28.529356
29.372904
29.464268
28.405725
25.643628
20.796745
21.511899
26.069834
28.170015
28.061849
25.472883
17.904062
16.135918
24.536436
27.050229
26.565832
22.742902
17.571503
25.412715
29.953140
32.040340
32.600690
32.049825
30.790185
29.519848
28.889472
28.461062
27.036038
22.884097
17.584033
27.530219
33.177041
36.497549
38.417794
39.256810
39.166200
38.380188
37.635797
38.104831
39.589406
40.908007
41.496596
41.254293
40.289685
39.023859
38.303029
38.528644
38.994773
39.008010
38.356662
37.129025
35.618470
34.189155
32.970998
31.855218
30.873988
30.129790
29.383110
28.767720
30.155142
33.490295
36.472577
38.385572
39.210745
39.014225
37.916852
36.352931
35.416875
35.687096
36.069981
35.541539
33.541794
29.203482
18.297103
19.621924
26.462358
27.980759
27.275158
25.495768
24.528720
25.744717
28.012177
30.290208
32.026142
32.845886
32.482465
30.717845
28.032868
28.297088
31.304454
33.238085
33.572800
32.283655
29.173362
24.896509
25.283494
27.700946
28.117131
26.678944
25.626403
28.168846
31.091521
32.741537
33.162935
32.516757
30.993770
29.237348
28.818249
29.988156
31.079987
31.206468
30.235450
28.944278
29.598706
31.805121
33.344403
33.574486
32.611859
31.811034
33.541828
36.270312
38.185479
39.069994
39.109371
38.639805
38.118476
37.808710
37.442171
36.476911
34.391748
30.525444
23.293184
15.969113
22.384702
24.433098
26.140911
28.846682
31.022013
31.912802
31.446687
29.801011
27.930616
27.740594
28.631264
28.824156
27.859866
26.033225
24.335180
23.797984
24.399921
26.025716
28.122095
29.825560
30.821457
31.314445
31.779613
32.484268
33.182029
33.566685
33.743781
34.222554
35.245332
36.342699
36.970344
36.902543
36.185123
35.111098
34.103391
33.205394
31.818939
29.108834
24.869160
25.224084
29.111902
31.166041
31.611310
31.063439
30.315286
29.918879
29.409296
28.089463
27.021799
29.435112
32.974605
35.456837
36.775367
37.047809
36.279894
34.294933
30.800911
28.234764
32.073388
35.911850
38.260750
39.481285
39.822949
39.435195
38.435239
36.964799
35.260601
33.717510
32.756261
32.425566
32.417240
32.590638
33.137494
34.120612
35.129313
35.632708
35.253794
33.728426
31.106210
29.680452
31.958653
34.341277
35.396317
35.074630
33.280023
29.592934
24.122565
25.830523
29.899043
31.885722
32.536727
32.629465
33.056083
34.156236
35.303908
35.824431
35.358134
33.695952
30.960690
29.289044
30.786906
32.206405
31.933867
29.312393
21.674667
17.868976
28.276685
32.152907
34.473891
36.450377
38.274546
39.668592
40.380885
40.301797
39.441210
38.004709
36.592457
35.918731
35.747316
35.245310
33.976491
32.030459
30.040586
28.942202
29.789041
32.817361
36.131942
38.515763
39.672093
39.438898
37.417992
32.650690
30.681023
37.071047
40.688114
42.296714
42.537573
41.795382
40.600641
39.701113
39.182750
38.075108
35.209236
31.474049
35.789394
40.268961
42.533692
43.089091
42.038843
39.001425
32.779766
31.800062
37.936044
41.062844
42.665215
43.535544
44.000793
44.043150
43.427242
41.809750
38.755547
34.630365
35.446334
39.014835
40.969484
41.356791
40.276032
37.359577
31.191205
30.320064
37.669233
41.627498
43.824443
44.884294
45.067230
44.601684
43.978984
44.082780
45.260251
46.781998
47.986188
48.636100
48.669169
48.041529
46.663512
44.347177
40.689638
34.627709
23.216226
30.074225
35.485444
39.379817
42.740825
45.343970
47.045341
47.817531
47.632003
46.384553
43.795116
39.117151
31.083791
34.281037
39.029434
41.154127
42.033029
42.248800
42.009625
41.310122
40.104449
38.486430
36.730276
34.887201
32.582664
32.164409
36.614139
40.779595
43.441256
44.809514
45.076329
44.449555
43.491306
43.401566
44.567022
45.853756
46.467539
46.177511
44.912964
42.626331
39.388175
35.923112
33.746520
32.134958
28.403624
15.898438
24.850489
30.893250
32.837867
32.622307
30.711007
27.758775
27.010095
29.705583
32.544389
34.747701
36.232634
36.851019
36.385026
34.463655
30.212949
22.773794
27.814591
32.311697
33.975224
34.017965
33.404677
33.629255
35.128457
36.657862
37.443201
37.269378
35.987186
33.226194
27.792129
14.874601
24.992919
29.389034
30.543375
30.542274
31.677971
34.246332
36.399137
37.369121
36.964773
34.959376
31.112191
28.423984
31.211345
33.294984
34.310636
36.485785
40.011446
43.169135
45.375451
46.628517
46.992385
46.488573
45.065658
42.542372
38.390739
30.419814
21.985526
34.279376
38.768497
41.406263
43.042293
43.870250
43.921372
43.188249
41.694877
39.647441
37.692343
36.529819
35.694209
34.301635
32.939550
34.146440
36.738871
38.485532
39.020523
38.466485
37.215331
36.285285
36.647479
37.651162
38.443906
38.942016
39.343014
39.644751
39.549475
38.652703
36.517338
32.751709
30.080278
33.440254
36.379596
37.664096
37.703051
36.980539
36.384125
36.915781
38.275953
39.538245
40.296119
40.498977
40.214920
39.572864
38.782551
38.154067
37.986065
38.288652
38.711459
38.794777
38.116129
36.190276
32.163069
26.501223
31.265839
35.462120
37.075298
36.773342
34.828874
33.034079
35.279963
38.338280
40.094308
40.589626
40.072306
38.913889
37.771835
37.178568
36.719504
35.497917
32.674850
27.297987
26.158827
31.619105
34.652985
36.067371
36.523383
36.375315
35.801871
34.876768
33.719196
32.726118
32.491009
33.021934
33.693112
34.041663
33.919946
33.311051
32.191288
30.423439
27.567005
22.101945
8.539905
23.833944
29.575316
32.630945
34.239339
34.830474
34.769784
34.650829
35.072614
35.857878
36.300441
35.955690
35.004843
34.996996
37.171405
39.753367
41.555492
42.403237
42.330022
41.401462
39.831169
38.383901
38.255441
39.169656
39.913284
39.934260
39.122606
37.547365
35.583379
34.174746
33.901890
33.842381
32.940765
30.611627
27.574208
29.645223
33.930839
36.848168
38.548117
39.330206
39.414744
39.052556
38.618977
38.500566
38.720898
38.913067
38.715233
37.976446
36.810286
35.694701
35.237055
35.334642
35.293995
34.628964
33.184311
31.107794
29.062462
27.931119
27.370691
26.267236
23.853764
19.529074
15.802626
19.925672
23.653919
25.803780
26.827972
26.891224
26.035516
24.436220
22.974348
23.065260
24.110902
24.672038
24.242193
22.801735
20.729906
19.215922
19.144280
19.399866
18.907039
17.320874
14.950090
14.962373
18.818784
22.571884
25.329458
27.208428
28.349919
28.857739
28.818245
28.321455
27.482369
26.458910
25.445136
24.618076
24.084080
23.900908
24.091124
24.541050
24.964009
25.036257
24.519911
23.327496
21.714744
20.617491
20.723415
21.040163
20.397261
18.010753
12.335004
-19.576897
10.249575
13.462509
12.028637
4.989638
10.175142
16.538910
19.135200
19.442956
17.580785
12.429666
-1.909145
10.836404
14.792049
15.134378
12.894414
9.100433
10.788404
14.428456
16.240105
16.642469
16.140306
15.198664
14.257416
13.548673
12.873854
11.631755
9.079662
6.075769
8.427205
11.463423
12.040613
12.142449
17.276845
22.837232
26.742974
29.283106
30.720172
