40.151542
34.095455
23.783342
18.053720
26.938891
20.158751
21.319997
18.791026
20.186956
19.801018
21.022652
17.069204
17.416809
8.304612
17.113422
5.716760
13.812402
10.650106
14.983620
23.502157
24.864369
14.874621
1.449966
10.698810
22.194444
24.486246
15.448777
14.577776
19.455228
23.239271
25.871137
21.717474
8.860979
-6.749645
9.964496
15.503946
10.613838
15.664348
14.271033
19.314197
26.848610
26.776324
13.654307
19.105836
15.418697
18.784545
16.310274
24.846321
26.938946
24.011701
27.136176
20.870031
27.180230
29.646341
23.369126
19.698778
23.874928
27.343724
29.531558
31.583778
30.307002
27.279676
26.966236
24.183212
21.491629
14.200782
13.521158
5.460710
18.001483
20.603785
18.363868
17.049197
19.797059
21.484304
26.869748
33.174408
27.890519
23.244366
16.032686
27.920938
27.928698
32.145139
28.337427
22.609858
12.222813
24.817014
27.071520
21.623576
19.299561
16.040580
26.833228
30.777948
29.449762
26.216842
32.801376
32.033462
34.967263
36.216507
34.639785
34.438751
35.898864
37.775322
38.116397
37.597434
38.944868
39.001618
38.561922
38.747041
38.924017
39.689520
38.607052
38.858593
36.865137
31.880568
33.635374
25.369625
29.820241
33.080437
32.063798
37.347876
35.557265
32.714997
38.034987
37.724797
41.605573
41.052582
38.734781
36.790306
41.181994
33.636208
44.963165
42.922783
41.842123
40.932814
37.661088
38.426061
35.881906
36.966453
34.109294
34.194341
36.326420
36.234626
36.543746
36.302981
29.539848
32.080084
35.363354
32.217571
28.373072
28.508059
30.993706
30.066308
31.821630
29.159685
35.564516
33.264793
33.545192
31.644529
33.684705
34.400358
35.195745
24.647382
37.018151
36.916006
36.545673
36.772085
31.736537
37.712577
35.534681
23.518228
28.521404
32.512517
35.160963
39.709962
30.920701
39.951553
41.093252
37.979359
41.335668
38.915949
38.508665
35.808780
38.499594
27.129799
41.279751
37.767719
37.490338
31.931265
36.511822
37.875279
25.635742
39.048176
38.066464
40.600972
40.001740
34.856637
40.274196
36.202485
39.093899
43.891302
40.312188
39.473656
37.606545
39.906578
35.298119
39.338245
40.288550
33.525246
39.637156
30.147471
37.252810
35.157153
30.811999
36.620090
35.556515
42.241709
40.287151
38.450901
38.696701
38.094860
37.772213
36.414218
36.858754
36.017651
40.088522
37.808710
37.173855
38.951053
32.890956
36.260146
28.978202
40.014644
33.064171
38.285347
39.917201
43.155312
39.784372
44.318686
44.609104
43.286983
40.009859
41.315854
31.392555
30.755805
26.443307
41.452028
44.799231
43.559786
42.824476
47.007992
47.699731
47.891159
46.740407
35.708045
34.029761
42.496575
44.374460
41.826510
41.390188
42.004429
43.432523
42.532575
41.044269
30.100961
29.131022
29.733609
24.464315
27.543885
37.051384
36.814717
33.282292
35.525416
35.869236
34.624582
34.734339
38.257565
38.050759
35.170123
32.286074
37.915166
39.452589
26.380787
36.232768
28.236629
34.630951
23.281567
36.435822
27.338574
41.097216
40.795319
29.630733
31.550285
26.535584
37.353992
39.145535
35.520544
26.605760
36.110939
36.003095
30.553467
30.543514
31.575893
35.481721
24.811919
41.379097
42.593775
40.315035
43.717876
45.306436
46.906939
47.370494
42.957962
43.022878
43.703298
44.341501
45.704545
42.795756
43.800280
42.607548
32.828318
36.086880
35.110591
33.169327
40.420998
34.731801
41.485272
39.709502
42.445864
44.790120
38.081385
41.222304
39.491818
36.834753
29.959426
39.269053
43.137984
48.040101
46.817730
45.527065
47.223135
47.251261
44.018947
31.832078
36.674529
32.974043
29.930615
37.383086
41.259913
42.995241
46.216913
48.762331
47.964645
48.100737
48.038428
46.459489
44.115764
45.818003
42.266348
45.453360
41.472812
46.320500
44.807904
40.190053
40.401354
25.157287
37.125256
38.065877
40.758697
37.272921
38.328133
42.432488
40.525022
36.748596
34.045797
42.065274
45.013517
44.451145
42.714638
42.435381
42.011400
39.405167
41.137973
38.867002
38.613258
36.963309
41.845797
44.217291
41.569248
41.539837
21.103437
40.490260
36.485735
35.441128
41.492844
36.357886
42.490070
42.916588
38.826667
43.504339
42.121130
28.672954
36.705812
34.173281
30.254446
40.066927
42.577386
40.063703
34.657901
20.503744
34.593112
37.346963
34.561404
27.988246
39.519858
38.108587
29.586054
40.519509
34.607766
37.908457
36.690534
42.417926
44.135748
33.807383
38.120400
39.475344
37.330952
36.768652
28.972401
30.602278
31.726588
27.309262
35.539763
38.540973
31.721938
29.195727
31.714918
32.558567
39.082831
32.981114
32.861818
38.477021
36.622752
21.615138
33.286919
32.668946
28.533617
33.353728
16.544645
28.238199
34.227524
37.075843
35.267174
31.010904
33.965808
29.966820
25.535763
37.641442
38.252017
31.794485
31.982030
36.127789
30.721617
34.737949
36.265773
30.416436
27.281698
32.192446
34.755733
35.264747
39.212928
40.729460
40.260576
38.085985
36.657517
34.397730
24.493905
26.672786
31.554217
36.537151
37.749970
36.314650
38.785931
33.105815
29.840394
27.161955
33.013843
30.047059
19.666633
30.420032
33.071401
30.730631
31.622935
29.801486
27.952732
31.500004
17.059663
29.047871
30.963858
32.304457
35.605576
31.257404
37.055875
37.227723
35.834615
34.313670
35.448446
35.084880
31.696474
32.647744
34.803603
34.074284
28.219443
27.101929
31.121985
28.620530
24.704863
25.532740
29.780405
30.220965
24.637194
20.420439
24.049291
32.125643
31.745803
29.097270
31.306058
29.076414
20.986992
33.350284
35.277597
31.719685
25.038004
14.657479
26.707241
17.916405
21.305013
31.449548
34.904332
36.231114
34.680349
38.766965
38.351826
36.135569
38.481203
38.837548
37.976029
36.365396
33.915680
30.672531
29.742202
28.365372
35.760969
35.314730
26.532758
21.649109
33.239624
36.577985
29.962504
27.411556
32.038348
30.523205
31.035016
29.286923
29.563569
35.314698
34.568738
24.764443
28.547256
31.278038
22.467640
27.308359
31.540386
25.592529
23.484381
34.947012
35.341557
34.319377
30.120306
25.003483
32.179010
33.318332
28.040393
31.902430
29.943692
28.850421
27.321020
30.334738
31.496368
28.004324
19.365570
25.419550
29.210191
18.245066
22.649185
27.638789
34.531281
32.844209
33.162726
38.094261
35.191836
34.111740
37.823787
37.762114
38.170128
37.760632
35.157396
36.254030
28.264353
29.395995
32.465866
25.194493
31.504644
34.523921
30.879688
31.670718
36.687713
36.430700
35.620662
38.798954
39.569988
36.544425
37.687918
37.973121
39.885968
40.044770
39.167164
41.608292
40.356030
37.807423
37.057021
38.501217
36.533587
36.568856
38.378038
35.309546
31.137177
34.705519
27.960237
28.686656
22.780455
31.905430
33.179146
14.922126
32.283556
32.223462
35.689475
31.794204
27.386518
26.420640
21.647442
10.796620
26.127854
27.955821
23.330925
25.675096
27.850613
17.527861
25.529477
25.735940
16.881237
28.028175
29.395760
25.673977
13.309291
29.537039
35.908810
36.793680
30.682696
11.631570
30.065124
32.623801
17.305814
34.181967
32.345100
30.182377
38.988455
37.348324
28.216236
31.191813
28.846201
32.616650
28.537408
23.910698
32.414055
34.071908
34.020934
32.018896
29.476490
31.169866
34.651630
36.617441
38.557355
36.800807
26.794775
35.482903
35.906198
29.226731
28.308741
35.017505
34.022001
32.827068
34.929797
35.296307
32.842845
29.388162
30.756951
32.969109
31.468190
27.939507
29.991447
23.637056
27.026870
27.134495
18.302772
25.426112
20.796048
22.803350
24.413116
27.108605
29.310744
23.552312
27.346318
31.588662
27.643288
28.488405
29.615029
27.925564
34.003336
36.009657
32.871591
33.357290
32.531405
25.203760
30.829012
25.505154
29.810241
24.514739
31.484610
28.542230
27.197809
29.200926
29.834649
25.722844
19.922154
22.668677
27.650014
22.452613
22.082532
26.684503
28.797212
20.665449
32.056921
33.663026
28.207101
35.609245
36.766179
34.284285
35.786369
38.103662
40.465775
39.212169
40.163547
39.313756
38.182523
37.339745
36.427967
34.830892
34.919222
33.537732
30.891187
26.071338
25.807728
30.445316
28.925699
27.638617
34.783398
37.634491
40.143466
34.608082
36.548415
40.502525
38.215756
33.612649
31.917026
28.201995
20.616065
22.619240
29.443200
32.503898
31.982690
34.854326
29.663659
33.575747
35.895947
35.179098
34.330962
36.524114
30.334779
39.890993
38.806464
39.699743
36.852928
33.574694
20.645101
25.247057
18.124657
24.680132
33.464022
34.339157
35.300939
34.958507
25.802730
30.136685
25.047474
26.491069
18.475386
35.270657
38.014911
33.059019
31.328583
40.951543
41.809240
36.416331
23.499528
31.632857
27.726069
34.702955
25.218218
28.868631
32.680484
36.293108
37.845877
38.186051
34.284578
22.187914
32.165633
32.831952
35.339465
34.461000
31.932734
35.127043
36.621077
35.134768
34.814024
29.358895
20.073961
26.568428
32.783062
37.682590
37.485978
37.448898
39.237004
37.079529
37.087557
37.487252
36.040833
29.283153
30.053493
23.326867
13.068437
28.611119
32.811392
29.363139
31.843326
27.001958
18.734244
25.833500
25.859480
27.950869
32.531653
28.914781
20.626687
16.776132
28.671339
33.683380
33.314170
34.739408
31.286515
30.340102
28.184842
28.055246
33.588208
33.419928
35.610660
32.594525
37.235837
33.943433
31.855021
28.211669
33.144205
32.961566
31.047399
22.722864
26.133130
28.851974
30.850211
34.633229
33.655089
25.877446
28.363510
18.355744
20.868659
18.309678
20.801287
28.532674
32.363383
30.281629
33.898737
36.221571
33.211556
18.426690
30.156787
33.373500
34.716001
34.516709
35.598268
33.427133
31.231250
22.164171
21.383383
31.673848
32.991617
31.772702
28.502752
25.176962
29.873718
37.489485
35.438656
23.850269
14.150975
13.345717
22.017965
27.006969
34.448605
34.859633
29.091162
20.937937
26.231517
32.419658
33.108649
23.837101
30.483602
35.320962
34.394924
33.040484
29.293682
32.551624
36.705843
36.064253
23.671251
34.801317
38.424540
36.546897
30.005146
33.661630
20.152618
31.198538
32.426565
33.218637
32.058974
28.840292
30.783450
31.893120
26.813588
28.690448
32.699706
35.329859
36.522891
37.866681
37.083753
38.076294
38.107489
31.031854
30.747182
27.874074
26.270285
22.421805
31.710551
25.742223
28.782251
31.468395
26.024557
26.673671
28.172301
32.591567
28.545868
27.240303
25.619387
23.639397
26.476081
29.496672
28.788101
32.132465
35.962131
33.739469
31.681468
32.023832
32.326367
30.411003
27.131520
19.592248
25.503488
26.621221
28.833767
25.173904
30.222562
21.594376
26.053112
21.868475
22.293953
25.218187
27.623687
29.438527
22.326556
22.245552
22.349539
31.484948
24.591566
29.804752
30.991313
28.869887
27.109295
29.596987
20.111575
11.445902
13.494709
19.169480
10.655681
23.272747
20.146730
24.154058
21.867624
26.165294
25.826661
28.475798
27.718185
29.187320
30.164660
28.321965
24.070553
29.762715
29.497506
30.884648
29.813876
27.883966
23.162376
20.941810
21.892538
19.626034
19.551379
21.440051
19.727645
22.231905
19.614418
19.618034
18.541619
24.066421
24.336708
9.731738
27.416911
29.747331
30.803754
29.691455
19.556304
25.698318
26.094354
18.966242
29.080316
29.936478
29.404290
31.738461
31.429118
22.894655
32.607706
35.803877
32.868542
31.998209
35.515409
34.395646
20.662172
26.875815
16.141602
30.352326
33.571467
27.779625
27.450464
29.136460
31.572024
33.239631
35.534924
33.027935
27.063550
25.764685
26.321134
29.960103
32.884701
33.558735
29.915050
26.651837
21.890298
24.237952
30.731063
31.728905
31.409762
30.629101
27.291458
8.929561
17.167602
20.800073
24.104065
17.897533
31.079845
35.813805
35.729177
32.088742
32.941137
33.346107
34.657738
35.507730
33.003138
32.284955
32.626930
30.865298
28.801161
28.387702
27.762185
21.579671
22.779439
24.790530
18.424011
21.990767
29.071781
31.395276
28.747018
28.479007
29.076391
27.187524
28.978129
26.265317
26.208278
25.955176
26.878308
26.848206
27.542365
22.117083
25.559930
26.113339
30.754381
33.006571
34.251087
30.044583
25.056701
25.333456
22.199324
12.932550
19.354818
27.022184
27.552092
25.368244
26.910663
23.369664
25.716181
29.431388
31.203080
31.202664
25.106241
18.279680
16.234999
27.973997
29.202217
27.047578
29.686990
32.759638
31.838589
30.732014
27.416606
30.209092
29.874082
30.227610
32.070485
33.525055
32.020094
27.845904
27.166889
20.332031
27.351181
28.020461
24.503189
6.402650
24.716897
23.293778
23.552274
29.993304
30.554171
27.011368
16.761104
28.047597
29.759635
29.301437
25.249383
27.337167
34.129437
35.705034
34.223676
31.640983
29.056824
25.146571
24.315874
31.325888
31.636948
27.577010
32.510731
32.244219
34.025488
36.904318
36.754611
34.435659
33.251466
30.813423
27.480458
29.894898
31.465919
30.121416
29.910191
28.615817
21.714478
21.819239
25.868225
22.395665
15.636691
25.031083
25.274377
26.035368
25.621838
14.343034
20.873615
23.436433
25.614844
27.789901
25.771156
21.852151
18.152669
5.997682
21.723466
25.424728
29.280117
30.088269
28.956371
26.502087
22.259041
20.861145
14.927723
23.725405
26.174491
27.172872
23.186756
21.399922
27.201848
20.374351
20.389431
18.557126
13.628945
15.629376
21.367737
21.986053
21.019860
18.223664
15.378892
9.431141
13.768082
24.327745
27.737129
27.782440
23.895152
20.230008
23.481768
27.688088
27.422935
25.708413
25.631204
28.895727
23.169732
12.986716
24.526843
27.969583
27.797650
26.742387
21.272149
11.424808
20.318812
25.815949
29.456156
28.064438
9.702399
26.365170
25.360933
30.298757
30.273856
29.524172
30.281677
29.136020
26.929064
14.033403
25.360982
26.379828
24.197182
26.296183
25.556146
27.314386
27.297578
30.043285
29.555760
29.613213
32.642855
34.395194
33.938369
29.588500
27.635736
29.302586
29.321134
28.481187
26.944148
24.876398
23.663458
29.772723
32.205381
34.105394
31.657090
23.423626
13.864658
20.701440
23.045829
26.731512
28.314287
24.485397
24.936590
27.317606
25.662515
11.274256
24.525022
28.273361
26.102891
24.751805
28.221856
30.473466
31.050570
29.101346
24.472286
25.490567
20.962104
14.557052
22.609058
11.790651
23.182360
27.633831
27.705724
12.178300
23.766597
22.121934
22.103451
19.411509
13.968903
5.512083
17.659300
21.528945
27.534665
31.240213
27.201142
24.496791
25.846525
25.798214
25.927718
15.371451
21.053593
23.258193
6.503718
25.714464
26.021829
28.827741
28.487311
20.208884
29.126585
28.664350
24.465863
24.257209
24.495646
23.693256
23.975227
23.839757
23.265253
21.962526
16.258130
24.923020
18.792015
18.996341
16.087040
24.488144
24.017827
4.190209
26.052306
29.733350
28.103829
27.013708
22.808851
19.442078
19.153379
14.127326
19.172293
17.025348
14.030070
21.184890
22.291513
26.544273
27.120864
28.483868
28.373634
23.555663
23.600267
15.803310
22.899981
22.523842
26.230981
21.572104
17.318819
15.759913
16.840951
26.657763
28.518625
28.575109
31.537756
30.739220
26.855675
26.264354
26.956347
22.575346
29.034054
27.101967
24.868491
28.027314
27.831124
25.597551
26.912883
25.574135
24.228189
27.885101
27.167491
18.573324
28.647326
26.348900
14.556600
22.434125
26.205671
26.841457
28.380454
25.404711
16.792330
15.853754
21.893378
27.531033
25.674410
5.908537
25.960595
26.560754
20.759866
24.159739
20.804973
24.368854
28.892921
21.961982
23.392722
29.127538
25.706315
28.181018
28.150211
26.972766
29.320852
28.863362
29.022528
26.107907
24.318959
25.814169
28.355539
27.022450
27.238695
26.801342
27.632290
26.531114
26.132580
27.022146
21.947629
22.099561
14.376463
13.383639
-3.358118
20.487489
16.445773
20.627871
16.631189
20.695764
23.463912
21.837651
19.311363
26.713942
29.341130
26.464115
21.566578
3.599719
18.961609
19.680901
24.377158
24.683434
16.612211
9.758370
21.095553
29.221727
32.411077
32.485356
29.619508
27.643885
27.072023
25.087350
18.271616
9.426596
4.945639
21.278265
22.214285
21.582649
23.992357
22.897077
12.879228
17.624776
13.301419
27.337521
27.216548
20.350756
22.780196
21.926695
19.878936
19.177671
24.606127
21.108618
16.215595
17.136110
16.251633
25.967182
26.519661
26.733806
23.640440
8.769339
14.564358
24.552752
26.376613
20.015461
21.224042
19.511026
16.057762
19.943583
21.490868
26.431299
25.869136
23.724643
28.840261
27.623786
22.173344
23.296258
15.379834
25.010577
27.413581
25.909956
27.189355
24.952031
12.653683
12.145495
18.091132
22.290065
25.438397
24.384326
13.897771
12.055785
24.088086
28.004532
26.782107
21.863081
19.037577
12.790025
18.706653
20.225728
21.054932
22.420056
27.632186
26.854329
23.286181
26.035272
27.105314
27.381315
26.248939
15.275745
18.062310
17.028988
22.580558
24.615617
28.542687
26.266776
28.883530
18.196046
27.300184
29.016043
23.953846
25.763447
24.168861
24.166636
21.202292
14.056700
18.397505
13.661562
13.504265
25.199970
24.274873
26.827550
24.011972
27.084632
32.426047
24.425406
24.785497
26.451724
15.052922
18.940374
18.578239
3.887639
25.548681
30.122920
25.140102
25.031738
29.288693
27.754580
15.627968
21.952638
7.037324
26.144618
27.352706
25.836239
24.765897
35.272128
36.734353
32.830310
27.350947
31.100165
26.693489
30.587985
29.886489
28.425440
28.122771
30.391544
30.600057
23.202077
20.549969
27.357525
30.401879
29.101230
24.554342
22.467783
25.699141
26.139711
16.973488
22.627023
22.524952
30.578744
25.718809
25.853051
25.329874
22.987930
9.748997
26.753918
26.288969
25.901035
22.927168
19.596240
27.863521
28.032732
30.221158
30.304652
27.208569
26.292357
24.250655
26.387347
27.522669
29.369667
29.624566
28.662995
27.170641
28.143521
24.719523
24.917257
25.920077
26.609034
24.570760
25.642164
21.682133
25.342522
25.543842
25.254764
25.441370
31.558063
27.653307
27.305966
24.930269
26.558798
20.872940
27.632229
25.070404
26.977258
25.545717
28.168520
27.767212
31.493255
20.829524
29.641616
30.276190
34.401937
31.972234
35.261041
32.306696
32.802935
35.337454
26.768723
32.492902
29.866443
31.157267
33.860269
24.869202
30.768613
31.331809
29.653684
28.778378
26.182555
13.151533
30.469622
34.460784
32.460065
30.284397
29.680375
23.919846
29.444940
32.067391
28.459679
15.943315
31.102618
32.279970
23.655387
19.777328
23.599275
18.074466
30.554543
35.392001
31.353297
27.156235
29.567174
31.722343
30.415754
30.896164
35.085187
37.947985
38.863902
34.855770
30.376095
36.656070
41.324015
42.042055
39.185524
36.918042
39.809295
42.470635
41.969497
38.274919
30.652459
35.232248
37.428551
36.902328
38.377150
37.389842
30.738983
32.754596
32.665980
28.052903
29.377407
24.621200
27.461686
25.302601
27.322892
30.603247
28.566201
25.937259
23.048288
21.194104
12.566996
23.737810
19.314519
12.046066
17.614276
26.386611
26.776437
32.223785
32.636198
30.499759
31.414601
30.728348
33.845093
33.634830
34.915539
33.037140
31.361302
31.100915
25.531410
31.469508
32.518138
34.455490
33.971131
32.641200
28.022897
30.286777
25.898116
27.515864
26.879617
28.251817
28.273495
26.056593
26.290670
26.838975
21.421978
17.541213
24.675454
21.309774
12.611950
21.796224
15.116538
27.389017
29.269699
28.519468
23.665182
12.479174
14.267521
22.473277
21.288142
28.437736
23.484270
31.097843
16.715163
25.167615
26.997607
29.403254
26.130212
31.270410
26.412324
32.491630
25.822236
29.087768
26.503965
30.284486
30.194809
25.082710
29.084531
21.322138
30.155302
21.935621
25.174206
13.339671
23.940398
18.304227
24.437378
26.423149
21.825844
29.486140
26.322350
21.975741
19.473102
30.902055
28.454334
22.436850
26.859763
12.311683
24.051965
19.654032
26.036694
26.612835
21.838357
25.505395
29.146994
25.952120
19.963636
29.642853
33.430051
32.003249
25.492799
26.840020
30.473580
32.610035
34.581806
34.856093
33.628820
32.612086
31.009560
30.841437
26.234421
27.780139
34.020215
35.306747
35.006973
33.061682
26.242117
23.006750
29.801778
30.319253
24.002819
24.582938
27.010311
27.170991
29.681773
30.925323
24.302276
7.339987
12.982541
25.966941
27.641779
28.326252
25.959132
22.410124
26.441424
27.076075
26.356285
27.001987
26.928221
25.931930
28.237539
31.712485
32.611949
33.226026
31.486650
29.663630
26.729389
28.938832
27.057016
29.279044
26.093483
20.104682
12.604386
23.059886
21.760926
26.093630
18.336608
23.652215
24.245267
25.883992
20.490406
21.110322
25.644579
24.292332
16.144009
16.821834
25.464819
19.301195
23.590494
22.902568
21.751191
22.281715
15.170344
25.818852
12.563694
24.725219
11.931274
16.528802
17.300855
17.903438
23.505085
24.607067
27.413254
26.467741
26.430452
27.567637
27.739925
29.344989
26.968113
30.503142
23.385497
30.529585
25.979350
29.952218
27.366795
31.032372
24.351783
30.455514
32.197822
19.241893
25.008414
28.836584
27.321462
21.358528
27.640186
22.778344
15.534241
27.302875
29.287858
27.588961
28.109260
17.772154
33.212715
34.537622
27.502073
25.904745
32.255079
34.507608
31.796289
17.915589
30.855632
37.010700
38.233231
34.854469
34.049580
39.452053
42.350418
42.342662
40.592265
41.046149
44.177576
46.053362
46.192342
44.834444
41.951965
38.202020
33.172675
26.564851
36.988255
43.289131
45.895930
45.419298
41.850639
31.499744
34.069026
40.836006
41.558910
38.656975
30.583610
33.943924
37.764524
37.166424
34.997429
32.549164
31.999255
31.680427
29.564449
27.016703
24.268975
28.411223
34.333391
36.965004
37.290031
36.904362
37.447715
38.685706
39.739760
40.504219
41.197533
41.376007
41.309075
40.465522
40.072555
39.615649
39.443237
38.154816
36.957409
35.752279
33.033387
29.721922
27.231321
25.566797
26.170295
25.382131
30.907594
32.265567
32.114502
31.760147
30.204208
29.273375
29.864314
26.132300
25.333314
25.367806
25.690935
22.978693
25.107446
22.687604
28.625006
27.501509
30.027677
30.509612
31.104605
25.884984
24.352458
26.097347
23.456229
25.572056
30.466188
28.057329
31.556914
29.115019
30.137904
28.149787
32.213066
27.825521
29.760259
21.914489
27.489175
22.305592
28.479745
28.143593
26.595534
28.518618
24.303819
26.836137
22.933551
27.800310
20.337252
18.269758
19.104969
26.246782
20.618161
23.495203
23.971865
9.343584
18.528535
21.432152
10.287138
21.492495
7.977604
22.497314
15.741307
17.949288
14.720277
24.649423
18.506386
16.807946
13.859077
21.153396
24.328602
24.535817
21.510416
14.068538
20.778040
29.290328
32.547386
30.223318
26.378257
28.861295
32.164488
31.366169
25.766735
18.654911
11.854653
14.043562
23.921235
29.183186
30.685339
31.275132
29.444856
21.787819
24.804416
28.531534
29.862419
27.669749
16.150025
17.941445
20.799160
19.506226
17.115850
6.501910
14.937342
11.285989
6.424719
15.043918
14.583509
21.097093
25.726853
26.550464
25.755862
25.385767
25.635320
26.342786
26.626742
24.968983
22.123569
21.224909
22.875831
23.118423
22.236497
23.394148
22.929292
12.579662
20.860045
20.972080
13.550533
7.886351
1.320034
9.412155
17.161560
16.028021
21.181062
23.893537
21.355318
19.352017
20.757712
15.812441
17.151237
18.256886
13.407009
9.394150
10.027610
2.668426
10.448130
13.574226
10.487474
8.820283
9.912703
9.627191
19.675450
19.101922
18.579824
22.350321
19.682550
16.480656
16.591393
16.622642
19.126671
15.716470
17.314549
17.384898
7.326336
13.445010
14.527466
16.449566
19.141660
19.543406
20.158324
19.100789
8.768688
17.449929
17.010860
4.611507
5.160365
1.313388
10.962626
13.727291
14.424879
11.703341
15.809630
9.148147
8.304471
10.012546
5.951849
9.466675
12.958073
4.763056
6.315942
6.022059
-3.582017
9.330646
6.433993
7.060688
17.296210
17.032680
15.806302
11.565932
18.493825
17.620077
16.078387
8.404583
13.488950
19.264408
18.644879
12.134895
8.014023
13.668307
13.447590
5.024634
12.931297
9.506180
12.602550
7.961948
-10.984471
8.525340
14.405386
12.165568
13.758917
16.810789
13.755021
5.414924
2.058917
13.697192
17.484103
18.006516
15.421121
14.478926
16.051121
16.243291
16.559625
17.006163
18.714027
17.503613
18.344677
17.427047
12.071307
0.135879
5.783302
10.885010
9.374785
8.090889
1.984949
-0.459081
9.311309
16.049771
14.359474
8.155154
13.930309
9.766798
-0.574114
1.317253
0.053778
4.301765
7.134470
-0.855558
13.857620
10.811208
7.960435
10.481860
5.049721
11.273571
9.250317
3.779003
-7.958159
12.314420
10.217458
3.353662
12.581280
11.369428
5.281498
7.828785
9.742857
9.191362
10.526714
9.472679
5.407046
9.549433
10.724264
10.848250
6.872633
-0.312827
-0.615856
6.435856
0.602855
7.196908
-2.224527
10.941630
12.265493
9.570083
11.540703
9.982889
5.313373
6.131953
12.199665
7.018064
2.056445
-1.742975
6.697415
6.600558
-4.879720
-1.183006
-1.030624
5.968795
3.747468
2.465229
9.232866
7.010584
7.084459
6.764676
3.105543
8.502401
3.489393
2.652973
7.322752
5.858093
4.609364
5.013189
-6.519027
7.043278
11.546053
12.611985
11.087597
-1.859757
9.816323
9.395646
7.290549
9.955410
6.693883
8.618532
9.158246
8.987914
10.170229
9.906168
6.315998
0.168855
4.747634
9.692806
4.935985
3.909006
9.852251
6.903241
-0.706796
5.934602
8.432018
4.486128
5.096230
9.152514
7.995006
0.552529
-17.436625
-18.647202
-1.421099
4.484111
4.616017
-1.656056
-9.826716
-5.943162
-25.559390
-3.002279
0.456004
2.272307
3.950567
1.458180
-2.316290
0.327557
3.320752
3.640901
3.041172
1.846989
2.392991
1.312182
0.760673
-0.973955
-5.667260
-14.053646
-6.526509
-8.421970
-9.313579
-13.834299
-6.932501
-5.835651
-0.766966
-3.818298
-11.457003
-7.639502
-1.647139
-0.759230
-4.710553
-2.128314
-0.142717
-0.520252
-1.747969
-4.915021
-3.967121
-2.544379
-0.150862
-0.767057
-4.289834
-3.636589
-2.211698
-15.224249
-5.970180
-4.432926
-3.799588
-2.859061
-6.054677
-12.098258
-16.878694
-21.611978
-25.639531
-13.218530
-7.197115
-6.468587
-6.387665
-9.880892
-18.937176
-21.438860
-16.409206
-20.158434
-25.202342
-31.901180
-27.017098
-24.568463
-34.844377
-28.430290
-32.256576
-37.342116
-228.665559
-39.460293
-26.866281
-27.695622
-30.150607
-19.972969
-19.699000
-19.197173
-27.350631
-20.894452
-20.196014
-16.513715
-17.858512
-16.285344
-10.404984
-14.245505
-29.868352
-9.401899
-6.023881
-4.440076
-5.871768
-10.971952
-10.662537
-12.099391
-3.747313
-2.162758
-5.088138
-3.997021
-6.815177
-7.645483
-5.375754
-4.965282
-10.381725
-8.940159
-4.310683
-8.619628
-20.527541
-16.824584
-18.394696
-15.391342
-8.334136
-15.347957
-12.446514
-6.346650
-5.363966
-17.683079
-2.768997
-7.411198
-12.707710
-7.402580
-3.392651
-9.334186
-2.890336
-3.765949
-11.874781
-6.086259
-17.333085
-4.730981
-0.407887
-2.108911
-10.791362
-11.468354
-9.639942
-18.857016
-1.855746
1.386055
1.581685
3.711645
2.236337
-1.844975
-4.072990
-0.802647
-0.573349
-4.103027
-4.061190
-0.593307
1.626588
3.567401
0.808442
-5.480901
-5.943528
1.112205
3.638018
6.951238
7.194761
2.591566
-9.853757
-1.061364
6.764103
11.512985
12.429022
9.710256
5.038345
-0.113345
5.582757
9.557294
7.011725
-0.859883
5.828366
7.789545
7.164919
2.649789
-5.325004
-1.106449
8.883770
12.466376
9.794648
1.632442
-10.573653
4.192286
9.358134
8.667557
5.785839
3.790938
4.733306
2.911541
-2.078616
0.957870
-3.220472
-10.141537
7.272894
6.106305
-6.057114
-5.522237
-4.032485
4.849308
7.280790
-0.375373
0.992509
-10.047295
-9.260472
5.571297
2.378516
3.085199
5.316703
-18.104900
5.956586
2.846516
0.096594
3.012034
-3.397464
4.997175
9.192394
13.030452
11.108735
5.931020
3.010718
4.378947
7.332936
11.627719
12.038669
8.730665
11.489302
11.675631
7.819519
11.332199
11.518239
3.096130
2.767878
-2.257690
-4.938517
1.437262
3.230337
10.404192
12.300209
11.761942
9.810045
12.458552
11.427341
14.220574
12.775060
7.019561
10.913642
12.901460
11.527337
11.587281
9.364087
-3.349803
4.333731
-0.217809
-3.826574
2.453952
4.162342
6.179373
10.324874
11.449671
13.391957
14.696089
12.039380
13.019205
8.504492
3.390383
6.763354
4.965037
-1.148237
2.901165
8.129014
7.267600
5.344400
7.600172
11.979696
13.720156
12.991852
11.630394
2.691010
-7.440199
-3.550346
8.998650
9.829989
11.544976
12.194315
-7.066827
10.596083
12.982584
16.206500
15.037776
12.383908
-1.716314
9.816854
13.372646
13.098532
9.580734
-1.818312
5.830097
1.904435
-1.228856
6.732896
0.472337
1.232611
9.286395
6.253247
12.505497
12.793645
2.262223
0.542879
5.558023
8.586820
12.365013
8.603839
9.912450
10.224956
10.110466
8.495553
8.315644
8.332060
12.057259
6.000386
10.233571
13.796520
12.058511
-6.802828
8.034930
1.922111
10.666093
10.081925
10.984322
16.174645
-2.501903
11.831925
8.087069
5.479775
12.782985
-1.751911
14.268665
4.013265
10.359425
7.760354
7.952590
13.354672
1.127611
10.611715
14.204513
9.446007
19.965322
10.249984
20.216242
14.820692
12.133174
14.802967
13.684792
17.761155
21.363397
1.504612
16.245412
7.759343
19.692886
17.155740
7.956695
17.818005
2.432449
16.137886
9.430649
13.177351
13.650791
9.835998
4.895765
13.608519
11.619508
19.946929
15.890644
15.751528
12.749839
16.226621
14.465356
12.328879
15.699546
4.038118
12.534434
15.782681
2.182160
18.343443
13.335891
9.819832
13.054671
16.533420
11.592917
15.335430
9.207950
16.244656
14.629563
15.485792
19.380929
6.958049
8.943766
5.045731
17.081104
19.220940
14.248264
9.285362
11.201316
14.794465
20.482472
15.282181
16.777041
17.642875
18.868969
22.152252
20.220160
14.309341
17.029566
21.551610
23.017723
23.645205
24.822805
25.648321
26.384140
26.212680
25.601726
23.528221
14.979906
12.862765
15.923906
20.548911
25.443749
27.900499
28.783357
26.731810
19.456616
19.030212
23.127283
26.035079
27.223088
23.719383
9.342477
18.113925
22.480707
17.735544
-13.805040
10.478673
15.066224
18.855648
17.626524
15.069191
8.574761
9.568294
17.781320
17.094019
17.103434
7.437931
14.878510
13.256305
7.393783
15.619207
10.862833
19.635248
13.355646
11.036779
13.332150
-6.959820
12.955264
12.453697
-0.354417
14.262085
9.305429
16.817316
18.120951
19.205439
23.196754
19.048973
24.373504
20.041418
23.258325
24.988516
22.358806
27.518862
24.862688
24.521618
24.500736
19.230887
25.000396
18.826963
25.169632
22.758968
20.503622
23.805450
20.728709
23.220458
14.558812
20.680886
20.991088
12.726247
19.794123
19.329783
16.468155
17.972557
18.340713
20.939468
12.014699
18.806475
19.142361
8.694591
19.344359
11.041003
15.911623
11.599683
15.380616
18.315890
8.744358
18.608010
14.572409
2.962802
6.388775
13.360435
15.010883
12.328794
3.659646
15.491085
11.628286
18.934757
22.865887
13.524991
15.537196
14.501125
17.438144
22.108936
16.153118
14.716325
10.422315
18.511359
22.976327
17.006092
19.165547
19.921252
9.719241
23.754430
24.712482
21.435522
19.652203
7.845705
20.229521
21.931310
20.462803
16.484562
10.672700
25.240768
27.070136
19.742445
19.969108
25.306437
20.829065
12.241538
9.187119
21.127057
24.057436
22.122383
16.988696
24.647891
25.819037
22.783330
23.621503
23.470577
10.634414
21.124055
24.100299
20.293157
1.774122
13.382035
13.103167
11.354515
9.597677
-6.412501
11.009974
15.066470
15.562506
5.755087
11.886681
12.743474
12.983507
1.370783
3.113247
6.557030
7.263476
13.605287
12.184418
14.239470
17.969890
13.144385
2.194299
12.404158
13.001865
15.122679
17.387326
18.834257
17.773811
19.182000
15.789747
18.940879
20.248269
15.128608
18.642742
16.579251
18.950726
22.040850
19.822342
21.900330
20.047070
21.288221
16.552624
19.081567
18.415672
15.980574
19.388046
13.225064
16.722597
18.930186
20.972481
17.906726
16.384264
19.710640
14.384369
9.420963
10.255813
14.784482
14.063328
13.101911
7.537985
10.455427
10.728858
15.649323
17.826031
14.360814
20.292629
19.136713
19.150329
17.908778
8.712440
17.143675
13.900720
12.208079
10.527227
13.336424
13.394424
15.984298
16.538842
20.787672
19.848314
18.030083
14.491535
10.396441
15.412849
2.797056
8.727588
-0.413287
18.899825
21.291958
21.050438
22.425692
16.046608
18.946397
24.127853
23.747830
26.972027
25.995421
15.952073
19.035687
24.118255
25.437051
24.314240
14.892963
20.758979
26.923365
26.630376
20.255497
13.555941
22.014535
23.267552
18.479129
24.475144
25.241408
19.734295
12.181057
11.457939
15.339366
19.600211
21.328886
22.135426
23.979329
19.919258
12.139450
21.720215
21.238105
19.550532
18.093287
16.827799
19.051230
18.163481
15.017197
-2.570863
15.767826
18.338160
16.738032
14.288852
15.048409
17.878545
20.419467
19.236550
15.332827
18.259252
19.207386
18.223664
14.728206
5.219131
5.812364
13.756212
19.734113
19.857940
16.181471
8.653430
16.700398
21.801848
20.084143
22.492820
23.959369
23.448941
23.675806
22.688418
23.052500
23.441676
22.956178
21.770907
20.739197
17.509900
16.393797
14.308389
17.591113
17.006065
13.065575
15.593277
20.171040
15.885720
17.704596
20.123948
20.599406
18.904515
19.972535
18.575954
18.749792
14.899518
8.757639
14.308111
15.266944
12.109186
13.569352
13.317016
17.874709
16.689314
16.218396
15.476463
18.089666
18.418303
17.550151
17.405360
17.071857
14.682136
13.485851
11.450528
12.816623
10.307022
-1.616611
14.179694
16.262116
7.365111
10.010435
7.887530
15.759363
18.528870
19.511195
18.366369
17.843317
20.834761
23.211941
23.270472
19.109540
20.128200
23.244913
21.884930
21.280023
20.176688
17.941538
16.555655
19.691585
23.326449
21.820142
18.173384
20.337504
19.304511
20.046136
22.479779
22.699640
17.919392
13.824512
16.231549
5.102747
15.506809
20.702534
17.969112
10.163090
11.511691
16.120926
15.392172
10.956738
12.450823
12.546433
11.042461
11.838576
10.094621
7.842266
9.120439
9.822912
7.350268
11.887519
16.968256
12.995066
3.040891
9.114720
-0.156560
12.184172
13.511089
7.312771
-2.580460
5.919091
10.761623
9.055528
8.636383
11.065680
2.989751
14.331285
18.643205
12.248149
13.493643
10.272995
10.478284
13.332512
15.433211
15.824139
16.134966
17.694416
19.139116
17.082482
13.504784
12.857541
13.464910
10.118835
4.562334
11.628291
12.227633
9.472653
12.790074
11.112999
18.105143
17.042608
15.292529
14.371148
14.552583
11.753630
2.687389
10.657339
16.983147
15.849650
12.772394
15.326587
19.213511
17.837148
16.360836
14.255170
12.896837
11.159213
-1.098774
8.170058
7.216460
12.275424
14.983552
13.703253
14.230064
16.529484
17.748052
16.635064
16.513939
11.995271
10.009804
12.047877
13.492806
12.456889
8.904261
17.717764
12.156388
18.125422
15.270672
12.274430
4.063094
9.704660
17.266248
18.448905
13.556555
9.054422
4.874925
12.319989
14.833907
18.621021
17.434093
18.215924
14.024053
14.988654
17.920911
10.905779
9.744081
10.187083
-1.474704
4.922451
10.236635
15.929991
15.176808
9.446766
16.996122
20.919295
19.964725
15.323969
10.487097
14.640735
21.559303
24.833033
24.978202
24.386632
22.297379
21.163451
20.411739
14.085145
9.084661
16.527439
18.466464
21.849093
23.021881
19.643033
17.365415
15.162887
6.835257
10.731256
15.435878
13.407457
10.803468
14.107963
21.608409
21.262046
17.499424
19.716495
18.130111
16.513715
17.171244
18.712942
21.238029
19.362082
6.621175
8.539823
-3.741495
15.917169
16.062474
8.368749
17.985832
18.031579
13.671120
12.963953
16.496223
16.878945
19.166607
20.943793
20.511270
16.992960
15.845219
12.842084
15.486599
18.309216
18.254322
18.852768
10.597251
12.558672
10.382509
8.649959
10.021645
4.020714
7.761254
15.144924
16.130203
11.406891
11.210815
-3.479495
11.762647
8.576850
15.716466
14.483145
10.517486
18.609665
14.524995
14.596601
8.510456
19.836169
19.509711
15.137042
12.189764
2.618763
6.416380
15.720756
14.693167
14.357375
8.570313
12.359174
12.618783
8.216410
10.217237
11.039357
8.018793
13.478777
15.803177
18.713593
12.460389
18.560299
11.812178
15.755389
-1.428065
9.653547
11.934922
13.417769
12.714074
10.874901
8.257834
11.131401
13.466031
15.590176
0.371937
16.721967
15.657135
4.050115
6.286960
7.373197
11.020131
6.592194
-10.485343
6.680259
5.777969
3.345319
-2.170791
8.137915
11.526173
12.267674
7.008011
2.475225
-1.021122
3.014740
-0.906803
7.254274
11.726200
15.534136
15.165798
10.410404
12.301234
18.201132
15.707426
15.154398
16.645230
15.097193
10.436503
5.885873
14.615209
13.934048
11.374127
6.313517
5.909156
12.883766
14.630221
11.984863
-11.251838
9.876288
16.312444
15.423699
12.757755
18.928843
19.747108
18.082528
17.778874
18.006349
17.482046
5.912585
14.295666
15.156585
12.998986
13.640692
13.630174
13.668054
10.636589
13.782705
17.597038
16.640497
11.375123
2.643228
12.942229
11.458170
10.541825
9.765848
-0.518384
10.648688
15.275074
17.250909
15.875019
15.258990
4.510926
11.842808
16.997237
15.491842
12.030625
14.939788
13.817619
9.617828
13.289607
17.049166
12.168286
-2.577376
5.732990
7.511249
6.796301
12.630076
15.078928
11.522277
8.709793
5.608577
9.262123
8.391093
11.065480
9.435580
11.813683
8.002539
11.339050
9.918055
12.121370
12.410842
16.409764
19.263720
17.514407
13.938438
7.047085
5.428312
11.159321
10.958698
15.654794
14.757347
10.324125
14.239192
6.386081
10.176754
6.473477
8.466471
12.519260
14.304932
19.731800
16.478343
8.985054
7.530865
10.135472
10.503684
6.572072
-0.464622
1.031169
7.885663
2.631291
-0.708625
11.071099
17.700138
16.657569
-1.771494
13.370205
17.938486
17.290573
19.232253
18.558915
14.290923
8.048057
1.529544
-0.953661
10.378952
14.051438
17.941705
20.278685
18.117465
11.290281
6.378272
7.837440
6.958923
15.367353
19.264141
19.419653
18.802546
17.618467
12.526363
10.123504
8.480875
1.306941
11.624012
12.843605
0.004005
15.450692
16.569428
18.805423
18.728131
13.692137
9.758261
-0.834882
9.052368
10.972174
8.788884
15.925186
14.043110
4.935523
12.903625
12.309755
2.505311
10.692311
10.072051
10.585553
15.605426
15.416165
11.916100
16.972236
18.273751
16.107096
16.069449
15.823732
9.812383
10.420569
7.682055
13.281024
9.376206
2.705853
5.091404
4.320693
-6.101239
3.598581
9.226678
9.062109
10.131918
7.178833
0.844095
10.102790
9.783045
5.359378
13.855143
12.068540
9.356304
5.328191
15.185654
17.511813
12.739590
1.188992
12.397694
15.306873
9.123562
9.988044
-3.316236
12.372671
16.564902
19.342459
15.105476
8.373509
12.811688
15.126505
9.215884
0.616674
11.514086
12.403159
10.936144
8.735267
6.750575
4.259049
-0.160964
2.579425
10.398102
10.673526
2.101333
-5.466033
2.732171
8.414040
11.470027
4.641529
5.358245
-1.788757
9.992495
3.358760
3.623474
7.877976
12.310730
7.376193
8.343385
11.945881
12.190711
2.629257
-10.262273
6.426982
10.259779
7.708752
13.368099
15.130236
14.019702
15.032662
17.613514
14.279332
5.156298
-13.949020
-8.539337
3.659549
11.670845
14.721495
14.379749
14.077574
11.843461
2.399403
11.927657
3.696325
12.585649
11.958168
16.226880
16.532047
5.158266
5.678202
4.753156
8.832583
9.342248
8.857312
8.181664
14.140543
11.890595
15.566412
12.399681
17.884251
17.051944
12.112104
10.848082
8.380120
9.824971
10.551535
10.970411
11.068483
11.184756
10.867248
7.699514
-6.214121
2.868989
2.572372
11.562289
11.624864
12.115177
14.460608
15.980225
13.990760
11.514613
13.113287
10.992768
7.105002
12.234263
17.478838
19.292862
14.109031
11.030953
18.443272
17.010957
12.664891
16.776722
17.739409
18.653819
13.863853
11.359342
18.575148
19.091490
18.959567
20.868917
17.745088
3.167192
16.309914
17.875110
14.572132
13.747099
6.342702
13.175896
13.251756
10.558889
16.412051
14.040908
11.437017
10.327269
13.375867
11.118443
9.183378
10.252888
9.697581
14.988977
7.867835
5.124723
6.418340
9.874051
6.540379
1.465964
10.090223
4.419683
14.105786
15.778245
13.550756
15.194630
14.310114
13.941577
15.709499
12.225733
-15.597839
8.792375
8.459218
7.108848
13.206030
13.087488
16.604465
16.695169
17.797406
12.284999
14.730013
15.873692
7.000529
12.005721
3.802706
6.798477
12.644781
17.493194
14.929878
18.069841
19.023109
20.489564
20.321314
18.473158
16.865324
15.061144
12.841660
14.199852
15.113488
11.022295
7.505264
11.467843
12.572320
15.604749
15.975454
14.254969
19.657663
18.154411
11.184279
11.239621
13.259095
6.933540
4.281183
9.983166
11.830581
4.778772
15.471083
13.821574
7.100363
12.189645
1.126544
14.006684
8.197830
6.757627
10.268922
5.142381
11.494390
15.453515
11.931795
3.086416
9.440244
15.129194
15.038225
14.926463
6.941515
15.004145
20.192521
20.106056
17.710083
14.899690
8.614580
14.473262
11.298483
-4.915278
8.444888
4.432979
10.867696
10.300857
-1.460987
16.222589
18.755523
13.336686
12.099411
9.936713
10.404379
7.764261
6.479425
10.802552
15.577599
19.762492
17.540575
7.609684
8.635817
12.649634
6.337372
15.792163
17.499597
15.479930
18.213368
16.103714
19.559496
19.326941
15.808740
7.630691
14.904121
17.212298
18.624574
17.407154
11.656932
17.759106
17.495379
18.431014
12.431781
15.024646
16.322979
16.517389
17.029985
21.103326
16.673794
13.167806
15.105069
17.432285
12.674702
11.521910
15.441031
13.422315
9.219450
7.787152
9.752433
7.103214
0.070560
10.850885
16.042663
13.557553
11.808801
13.501644
8.364965
8.860588
11.086597
0.556488
8.727327
4.806254
15.725299
13.175455
12.443586
5.870435
3.674589
-3.133905
-1.631191
-4.263178
0.302021
4.735687
6.118331
9.932813
12.372820
11.981320
14.914172
17.735830
17.763000
17.941159
17.839571
15.101637
17.306336
16.618864
13.987626
2.116676
-3.601487
-8.015523
0.659715
1.786183
-6.337402
10.247234
13.300360
2.985975
13.024142
14.145487
10.422735
1.627019
-15.685651
9.154625
18.935225
20.923932
18.456453
15.529856
9.668668
2.234891
10.375040
11.628580
14.396481
14.111073
12.174255
10.868666
8.057946
11.693434
12.927485
11.991003
0.657420
11.524043
16.600452
17.569795
14.467713
13.926627
21.199971
20.630692
14.595348
16.025683
15.727847
6.887076
3.455614
1.719073
11.632010
15.139612
13.764626
11.962018
16.690576
18.438316
17.988066
18.475738
17.273395
16.530832
19.590972
18.894233
17.932448
18.743047
14.978498
-6.704208
13.601008
11.563669
0.632222
14.259082
18.533706
21.350355
20.628374
17.632520
13.624196
1.694598
5.396521
14.556557
13.244519
6.814479
16.231940
16.436731
17.917658
19.217212
19.799164
20.549060
17.688943
10.517570
3.887573
10.365196
8.872343
14.517810
16.656814
13.051173
11.078073
16.461069
14.473020
13.758744
11.653930
11.870903
19.090092
20.136879
20.755527
16.411037
18.452311
19.634395
18.200577
17.793472
18.149732
13.422625
8.024170
9.727715
1.165735
13.139025
15.399398
13.198210
14.541733
14.335417
15.447439
13.178587
15.443975
10.761063
15.879743
17.899775
18.578849
19.678669
20.718034
19.442515
17.260440
14.203894
15.551649
14.385590
10.163232
4.726003
-3.972521
12.937231
12.049478
10.423578
16.781481
20.481253
21.601000
19.980511
18.391740
16.206866
16.833637
18.773913
23.519811
24.840477
25.187712
24.577870
21.786809
20.885402
21.912932
21.193499
18.817541
16.968862
14.192236
7.318455
4.415132
13.546133
16.560194
17.701825
14.818249
13.595823
15.522832
14.588193
15.325775
7.575138
15.772006
21.079341
23.357854
22.887172
17.407134
15.449844
25.702909
29.357679
29.174876
25.359268
17.383247
6.303062
11.176044
21.451736
25.762412
27.351013
26.882232
25.855122
25.070676
23.893064
23.504564
22.577747
21.216731
20.769094
14.465820
19.397977
24.153657
21.517140
15.763043
16.785789
22.141384
24.449833
22.668308
18.391809
16.682455
20.663857
21.849999
17.832616
13.448184
12.236942
20.081152
21.340687
19.077450
15.949461
11.129404
-4.519360
12.833369
16.285284
13.316901
12.828991
15.495387
8.123496
10.326222
7.831983
17.304407
15.561979
-0.255377
12.221337
7.057013
6.235985
8.952515
8.424998
4.701629
12.916856
15.273316
7.102705
7.399697
-1.476902
9.297323
14.639387
14.093399
9.961163
11.675087
16.227035
13.110917
17.887406
11.497320
12.023855
8.788311
3.306804
14.357520
9.528401
14.049208
13.851005
8.915671
13.388399
11.300713
-0.279202
10.726926
13.033487
9.555930
9.463417
2.723165
0.987695
-0.884868
6.960646
10.447817
3.351345
7.712317
9.727144
6.345001
10.214565
11.096067
0.521901
2.723662
11.389192
14.672359
15.923516
12.245027
7.064831
11.781904
12.085602
9.397306
8.907664
7.154516
4.863724
6.656108
3.965650
9.577355
13.002875
12.288036
10.400945
-3.567636
12.885687
10.887794
4.980553
-0.911428
0.942089
9.570816
11.884099
6.860454
2.847391
10.524299
15.059831
15.385845
14.073817
12.987391
3.404613
12.743541
17.576073
17.481083
14.159024
12.247727
11.173351
9.362209
8.578664
7.626043
-1.945853
-9.904955
9.862128
14.564246
8.982856
-1.947712
-1.594201
13.748135
11.460474
5.255768
11.759747
5.432114
6.167794
8.999312
-7.522545
3.785999
5.051381
8.552975
5.720339
4.368505
3.305248
14.012567
16.844512
13.428322
12.906025
9.545804
10.152613
6.222282
6.152124
13.679941
16.464966
15.060533
5.405682
9.869966
3.992667
8.158530
5.962713
1.024136
0.622558
10.076516
12.038837
3.442124
3.567684
3.302956
8.554112
10.634491
0.584810
1.559092
0.182533
4.171278
7.265450
4.262395
10.138493
8.908999
5.834549
9.736829
11.536687
12.224908
9.684764
1.984605
5.914196
-2.871386
-0.280355
5.542431
-2.325033
0.897497
7.067179
3.501757
11.867679
12.017006
9.865200
8.430561
-3.274999
8.406472
7.077390
2.376956
7.465860
10.925776
11.838922
9.700272
11.013146
-0.040008
13.057788
11.854306
10.627350
15.476599
14.974313
18.033887
13.357116
13.037866
9.641509
13.367608
13.680244
8.624346
7.655695
9.773708
13.005853
11.140353
7.192534
11.569971
11.107148
0.897623
-0.857061
4.158627
10.865037
10.874420
10.028776
6.581199
9.550828
3.393688
13.019406
15.942941
6.669372
11.992284
16.079143
16.042254
15.996711
17.389636
16.256905
5.891281
12.810975
18.695716
18.141085
13.545930
13.326368
18.941111
20.931549
19.069676
15.113993
12.258001
15.768078
19.734571
17.343580
10.729818
4.078474
11.401933
14.263567
10.784421
15.482362
16.370562
5.485664
11.204667
11.821244
1.711501
5.643368
10.716917
17.100447
17.342114
14.833426
13.773010
15.563243
16.287798
14.795449
11.730441
15.468915
19.186541
19.225330
16.511761
10.075419
2.385934
14.602878
16.517408
14.369081
4.538577
9.362256
16.352250
17.014031
15.040171
13.564285
10.388724
13.218430
12.636778
13.513460
12.881904
8.858841
11.969879
8.137856
10.047344
13.656496
16.712787
13.406657
9.748046
4.994265
10.396969
11.948309
14.077278
12.257378
5.117162
5.469329
1.974708
4.245184
6.809930
1.548551
9.712645
11.875559
7.827192
-2.675566
1.406159
1.346181
4.787313
-6.620002
-7.377504
2.682535
-2.591387
6.981834
6.381781
5.730136
2.219264
-11.868223
4.465360
7.942227
3.009468
-2.383757
4.323103
4.498290
8.526896
8.986415
3.562489
-13.793816
4.495262
6.281403
8.075389
10.695402
13.183719
14.247688
10.655165
-6.505993
7.725252
4.256806
5.702766
2.818783
1.075324
6.736359
6.982177
0.861938
2.781030
3.602677
-1.329217
-3.653472
2.430769
11.389099
6.840469
9.360489
13.810940
9.078723
-3.711568
-12.585311
-3.405433
-5.232329
3.124003
8.207284
9.506368
5.198840
3.214386
-5.911843
7.105999
9.101320
9.832114
1.739773
2.634241
4.001472
6.172511
-0.412310
3.684125
-0.167698
-1.623034
5.458447
6.699518
-6.753077
4.963941
1.657956
4.430344
10.177572
10.448933
8.743104
8.203929
4.144902
0.611138
4.374842
7.093041
6.452417
4.040772
3.414489
-1.631440
-0.457957
0.310966
-10.130072
0.084560
-12.473567
1.078679
5.455512
-8.582977
8.254785
7.662578
0.071818
-1.994609
0.426181
6.854775
7.878851
8.756172
7.061843
-1.493519
-7.649598
-0.210606
5.009071
3.974813
1.658443
-0.387725
-4.702587
0.406399
1.427966
9.399976
7.157718
1.640395
5.091665
0.090477
7.546672
6.711036
4.150872
0.793044
-0.803397
-4.186329
2.136606
-3.254629
4.545053
-10.399880
7.259196
4.231635
-0.276209
2.834569
0.892334
1.449028
2.978404
3.384444
2.842167
4.277407
5.156303
7.508268
6.518330
3.429102
5.462897
-1.130059
-5.697333
2.575834
1.360081
-4.809000
3.397341
3.199489
3.747442
3.005564
-6.451596
0.257583
5.785657
2.912719
5.059286
-4.583607
0.886417
-0.014189
-0.771560
-0.212645
4.658186
-4.255490
4.305774
-1.132549
1.307336
-16.867760
1.379357
6.822621
10.235581
8.150191
8.271498
9.781428
9.553853
6.130849
5.413673
4.658312
2.545329
-1.491039
-7.184522
-6.906702
-4.122425
2.802790
7.163819
6.616351
5.767381
3.562342
-4.163058
0.874061
4.821908
8.023315
9.515022
5.216081
-6.929026
1.580633
0.824469
3.097510
3.943773
2.621436
3.810436
4.780576
4.161729
3.832260
2.512110
0.347292
5.666371
8.172259
4.471418
-2.184907
1.638007
-1.658708
4.445850
7.493938
7.159372
3.021355
-5.508062
-14.074672
-2.941326
-4.497259
-2.662526
2.704985
2.815527
4.193936
0.509896
-3.145494
2.347093
3.429460
-0.815264
-5.141791
-3.517012
-5.213428
-1.800967
2.662741
-1.568389
6.202547
10.172957
5.860646
1.076868
-1.381349
-11.366657
0.325750
2.039285
-11.628217
4.613457
1.383492
-5.074266
-5.832657
2.523094
0.102121
-14.124359
-4.565231
-10.510748
-6.602855
-3.439823
-0.095263
-1.120014
-10.598045
0.492429
-3.663104
-15.425968
-3.990163
-5.419577
-8.454566
-6.861222
-2.852838
-1.747487
-0.115828
-6.322905
-0.639551
-8.047077
-9.320783
-9.936609
-2.154555
-6.568199
-7.375374
-12.964664
-5.459551
-5.238657
-16.370321
-3.411457
-3.100030
-3.860218
1.131888
0.026868
1.487618
-1.963723
4.010041
3.110572
-0.903778
-3.715751
-10.904433
-2.203139
-11.967604
-0.640483
0.132187
-1.854668
-0.920746
-0.760513
-3.003741
-10.185335
-11.669550
-4.529280
-1.778309
-0.824272
-5.475655
-12.946579
-5.958272
-5.219230
-4.688260
-4.335009
-2.808089
0.114012
-0.335295
-5.205616
-7.058558
-1.182849
-2.412779
-7.927838
-6.986648
-6.682873
-18.394109
-3.263801
-0.413053
-5.116856
-18.780928
-8.334155
-5.546938
-3.841522
-3.367470
-6.913585
-8.125821
-4.756718
-5.386978
-9.822948
-9.890980
-9.746680
-17.937664
-11.763889
-9.560329
-13.660628
-7.260377
-7.128121
-9.833145
-9.340588
-7.475602
-9.773717
-10.757189
-8.358761
-3.129797
-3.547911
-4.960868
-16.282888
-8.116567
-6.332740
-11.804052
-13.330886
-12.138243
-15.773091
-10.828730
-9.648877
-20.699614
-11.134304
-7.200211
-6.467299
-11.779188
-33.084869
-25.488649
-18.101854
-16.480064
-12.419598
-5.799158
-5.151086
-15.030852
-7.006316
-5.723944
-6.105619
-7.697045
-13.944516
-16.704197
-6.937896
-3.634710
-7.239765
-6.157850
-6.447247
-4.636044
-7.909698
-10.600511
-14.334231
-14.126029
-24.951352
-20.202688
-10.983609
-14.788625
-15.293594
-10.729239
-15.966131
-12.782706
-13.882996
-14.324323
-7.709842
-15.279854
-7.511149
-12.582289
-14.439579
-25.493213
-14.574892
-17.749386
-20.911969
-19.077447
-20.636715
-12.387660
-7.531100
-12.787166
-9.760501
-19.183910
-37.147891
-14.156549
-12.376908
-9.039477
-11.488612
-13.081654
-21.314875
-12.456651
-10.822654
-11.758600
-8.226776
-7.635265
-6.632839
-8.422761
-12.399543
-10.733046
-20.645012
-13.910493
-9.321753
-12.528795
-18.104667
-22.344383
-18.348071
-22.374482
-17.594024
-25.010867
-15.738296
-17.722319
-18.719314
-23.618066
-26.156962
-19.832091
-17.484541
-23.550933
-23.000057
-27.827840
-33.391008
-28.105823
-23.770907
-23.402024
-28.133789
-20.021682
-21.178354
-25.897621
-40.272521
-25.356504
-22.178823
-22.345411
-26.208046
-29.066817
-27.172296
-27.412616
-28.603083
-28.928516
-31.061034
-28.938811
-25.888941
-25.993902
-28.694736
-36.671242
-44.684405
-43.154041
-40.463067
-47.442894
-228.051368
-47.442894
-40.463067
-43.154041
-44.684405
-36.671242
-28.694736
-25.993902
-25.888941
-28.938811
-31.061034
-28.928516
-28.603083
-27.412616
-27.172296
-29.066817
-26.208046
-22.345411
-22.178823
-25.356504
-40.272521
-25.897621
-21.178354
-20.021682
-28.133789
-23.402024
-23.770907
-28.105823
-33.391008
-27.827840
-23.000057
-23.550933
-17.484541
-19.832091
-26.156962
-23.618066
-18.719314
-17.722319
-15.738296
-25.010867
-17.594024
-22.374482
-18.348071
-22.344383
-18.104667
-12.528795
-9.321753
-13.910493
-20.645012
-10.733046
-12.399543
-8.422761
-6.632839
-7.635265
-8.226776
-11.758600
-10.822654
-12.456651
-21.314875
-13.081654
-11.488612
-9.039477
-12.376908
-14.156549
-37.147891
-19.183910
-9.760501
-12.787166
-7.531100
-12.387660
-20.636715
-19.077447
-20.911969
-17.749386
-14.574892
-25.493213
-14.439579
-12.582289
-7.511149
-15.279854
-7.709842
-14.324323
-13.882996
-12.782706
-15.966131
-10.729239
-15.293594
-14.788625
-10.983609
-20.202688
-24.951352
-14.126029
-14.334231
-10.600511
-7.909698
-4.636044
-6.447247
-6.157850
-7.239765
-3.634710
-6.937896
-16.704197
-13.944516
-7.697045
-6.105619
-5.723944
-7.006316
-15.030852
-5.151086
-5.799158
-12.419598
-16.480064
-18.101854
-25.488649
-33.084869
-11.779188
-6.467299
-7.200211
-11.134304
-20.699614
-9.648877
-10.828730
-15.773091
-12.138243
-13.330886
-11.804052
-6.332740
-8.116567
-16.282888
-4.960868
-3.547911
-3.129797
-8.358761
-10.757189
-9.773717
-7.475602
-9.340588
-9.833145
-7.128121
-7.260377
-13.660628
-9.560329
-11.763889
-17.937664
-9.746680
-9.890980
-9.822948
-5.386978
-4.756718
-8.125821
-6.913585
-3.367470
-3.841522
-5.546938
-8.334155
-18.780928
-5.116856
-0.413053
-3.263801
-18.394109
-6.682873
-6.986648
-7.927838
-2.412779
-1.182849
-7.058558
-5.205616
-0.335295
0.114012
-2.808089
-4.335009
-4.688260
-5.219230
-5.958272
-12.946579
-5.475655
-0.824272
-1.778309
-4.529280
-11.669550
-10.185335
-3.003741
-0.760513
-0.920746
-1.854668
0.132187
-0.640483
-11.967604
-2.203139
-10.904433
-3.715751
-0.903778
3.110572
4.010041
-1.963723
1.487618
0.026868
1.131888
-3.860218
-3.100030
-3.411457
-16.370321
-5.238657
-5.459551
-12.964664
-7.375374
-6.568199
-2.154555
-9.936609
-9.320783
-8.047077
-0.639551
-6.322905
-0.115828
-1.747487
-2.852838
-6.861222
-8.454566
-5.419577
-3.990163
-15.425968
-3.663104
0.492429
-10.598045
-1.120014
-0.095263
-3.439823
-6.602855
-10.510748
-4.565231
-14.124359
0.102121
2.523094
-5.832657
-5.074266
1.383492
4.613457
-11.628217
2.039285
0.325750
-11.366657
-1.381349
1.076868
5.860646
10.172957
6.202547
-1.568389
2.662741
-1.800967
-5.213428
-3.517012
-5.141791
-0.815264
3.429460
2.347093
-3.145494
0.509896
4.193936
2.815527
2.704985
-2.662526
-4.497259
-2.941326
-14.074672
-5.508062
3.021355
7.159372
7.493938
4.445850
-1.658708
1.638007
-2.184907
4.471418
8.172259
5.666371
0.347292
2.512110
3.832260
4.161729
4.780576
3.810436
2.621436
3.943773
3.097510
0.824469
1.580633
-6.929026
5.216081
9.515022
8.023315
4.821908
0.874061
-4.163058
3.562342
5.767381
6.616351
7.163819
2.802790
-4.122425
-6.906702
-7.184522
-1.491039
2.545329
4.658312
5.413673
6.130849
9.553853
9.781428
8.271498
8.150191
10.235581
6.822621
1.379357
-16.867760
1.307336
-1.132549
4.305774
-4.255490
4.658186
-0.212645
-0.771560
-0.014189
0.886417
-4.583607
5.059286
2.912719
5.785657
0.257583
-6.451596
3.005564
3.747442
3.199489
3.397341
-4.809000
1.360081
2.575834
-5.697333
-1.130059
5.462897
3.429102
6.518330
7.508268
5.156303
4.277407
2.842167
3.384444
2.978404
1.449028
0.892334
2.834569
-0.276209
4.231635
7.259196
-10.399880
4.545053
-3.254629
2.136606
-4.186329
-0.803397
0.793044
4.150872
6.711036
7.546672
0.090477
5.091665
1.640395
7.157718
9.399976
1.427966
0.406399
-4.702587
-0.387725
1.658443
3.974813
5.009071
-0.210606
-7.649598
-1.493519
7.061843
8.756172
7.878851
6.854775
0.426181
-1.994609
0.071818
7.662578
8.254785
-8.582977
5.455512
1.078679
-12.473567
0.084560
-10.130072
0.310966
-0.457957
-1.631440
3.414489
4.040772
6.452417
7.093041
4.374842
0.611138
4.144902
8.203929
8.743104
10.448933
10.177572
4.430344
1.657956
4.963941
-6.753077
6.699518
5.458447
-1.623034
-0.167698
3.684125
-0.412310
6.172511
4.001472
2.634241
1.739773
9.832114
9.101320
7.105999
-5.911843
3.214386
5.198840
9.506368
8.207284
3.124003
-5.232329
-3.405433
-12.585311
-3.711568
9.078723
13.810940
9.360489
6.840469
11.389099
2.430769
-3.653472
-1.329217
3.602677
2.781030
0.861938
6.982177
6.736359
1.075324
2.818783
5.702766
4.256806
7.725252
-6.505993
10.655165
14.247688
13.183719
10.695402
8.075389
6.281403
4.495262
-13.793816
3.562489
8.986415
8.526896
4.498290
4.323103
-2.383757
3.009468
7.942227
4.465360
-11.868223
2.219264
5.730136
6.381781
6.981834
-2.591387
2.682535
-7.377504
-6.620002
4.787313
1.346181
1.406159
-2.675566
7.827192
11.875559
9.712645
1.548551
6.809930
4.245184
1.974708
5.469329
5.117162
12.257378
14.077278
11.948309
10.396969
4.994265
9.748046
13.406657
16.712787
13.656496
10.047344
8.137856
11.969879
8.858841
12.881904
13.513460
12.636778
13.218430
10.388724
13.564285
15.040171
17.014031
16.352250
9.362256
4.538577
14.369081
16.517408
14.602878
2.385934
10.075419
16.511761
19.225330
19.186541
15.468915
11.730441
14.795449
16.287798
15.563243
13.773010
14.833426
17.342114
17.100447
10.716917
5.643368
1.711501
11.821244
11.204667
5.485664
16.370562
15.482362
10.784421
14.263567
11.401933
4.078474
10.729818
17.343580
19.734571
15.768078
12.258001
15.113993
19.069676
20.931549
18.941111
13.326368
13.545930
18.141085
18.695716
12.810975
5.891281
16.256905
17.389636
15.996711
16.042254
16.079143
11.992284
6.669372
15.942941
13.019406
3.393688
9.550828
6.581199
10.028776
10.874420
10.865037
4.158627
-0.857061
0.897623
11.107148
11.569971
7.192534
11.140353
13.005853
9.773708
7.655695
8.624346
13.680244
13.367608
9.641509
13.037866
13.357116
18.033887
14.974313
15.476599
10.627350
11.854306
13.057788
-0.040008
11.013146
9.700272
11.838922
10.925776
7.465860
2.376956
7.077390
8.406472
-3.274999
8.430561
9.865200
12.017006
11.867679
3.501757
7.067179
0.897497
-2.325033
5.542431
-0.280355
-2.871386
5.914196
1.984605
9.684764
12.224908
11.536687
9.736829
5.834549
8.908999
10.138493
4.262395
7.265450
4.171278
0.182533
1.559092
0.584810
10.634491
8.554112
3.302956
3.567684
3.442124
12.038837
10.076516
0.622558
1.024136
5.962713
8.158530
3.992667
9.869966
5.405682
15.060533
16.464966
13.679941
6.152124
6.222282
10.152613
9.545804
12.906025
13.428322
16.844512
14.012567
3.305248
4.368505
5.720339
8.552975
5.051381
3.785999
-7.522545
8.999312
6.167794
5.432114
11.759747
5.255768
11.460474
13.748135
-1.594201
-1.947712
8.982856
14.564246
9.862128
-9.904955
-1.945853
7.626043
8.578664
9.362209
11.173351
12.247727
14.159024
17.481083
17.576073
12.743541
3.404613
12.987391
14.073817
15.385845
15.059831
10.524299
2.847391
6.860454
11.884099
9.570816
0.942089
-0.911428
4.980553
10.887794
12.885687
-3.567636
10.400945
12.288036
13.002875
9.577355
3.965650
6.656108
4.863724
7.154516
8.907664
9.397306
12.085602
11.781904
7.064831
12.245027
15.923516
14.672359
11.389192
2.723662
0.521901
11.096067
10.214565
6.345001
9.727144
7.712317
3.351345
10.447817
6.960646
-0.884868
0.987695
2.723165
9.463417
9.555930
13.033487
10.726926
-0.279202
11.300713
13.388399
8.915671
13.851005
14.049208
9.528401
14.357520
3.306804
8.788311
12.023855
11.497320
17.887406
13.110917
16.227035
11.675087
9.961163
14.093399
14.639387
9.297323
-1.476902
7.399697
7.102705
15.273316
12.916856
4.701629
8.424998
8.952515
6.235985
7.057013
12.221337
-0.255377
15.561979
17.304407
7.831983
10.326222
8.123496
15.495387
12.828991
13.316901
16.285284
12.833369
-4.519360
11.129404
15.949461
19.077450
21.340687
20.081152
12.236942
13.448184
17.832616
21.849999
20.663857
16.682455
18.391809
22.668308
24.449833
22.141384
16.785789
15.763043
21.517140
24.153657
19.397977
14.465820
20.769094
21.216731
22.577747
23.504564
23.893064
25.070676
25.855122
26.882232
27.351013
25.762412
21.451736
11.176044
6.303062
17.383247
25.359268
29.174876
29.357679
25.702909
15.449844
17.407134
22.887172
23.357854
21.079341
15.772006
7.575138
15.325775
14.588193
15.522832
13.595823
14.818249
17.701825
16.560194
13.546133
4.415132
7.318455
14.192236
16.968862
18.817541
21.193499
21.912932
20.885402
21.786809
24.577870
25.187712
24.840477
23.519811
18.773913
16.833637
16.206866
18.391740
19.980511
21.601000
20.481253
16.781481
10.423578
12.049478
12.937231
-3.972521
4.726003
10.163232
14.385590
15.551649
14.203894
17.260440
19.442515
20.718034
19.678669
18.578849
17.899775
15.879743
10.761063
15.443975
13.178587
15.447439
14.335417
14.541733
13.198210
15.399398
13.139025
1.165735
9.727715
8.024170
13.422625
18.149732
17.793472
18.200577
19.634395
18.452311
16.411037
20.755527
20.136879
19.090092
11.870903
11.653930
13.758744
14.473020
16.461069
11.078073
13.051173
16.656814
14.517810
8.872343
10.365196
3.887573
10.517570
17.688943
20.549060
19.799164
19.217212
17.917658
16.436731
16.231940
6.814479
13.244519
14.556557
5.396521
1.694598
13.624196
17.632520
20.628374
21.350355
18.533706
14.259082
0.632222
11.563669
13.601008
-6.704208
14.978498
18.743047
17.932448
18.894233
19.590972
16.530832
17.273395
18.475738
17.988066
18.438316
16.690576
11.962018
13.764626
15.139612
11.632010
1.719073
3.455614
6.887076
15.727847
16.025683
14.595348
20.630692
21.199971
13.926627
14.467713
17.569795
16.600452
11.524043
0.657420
11.991003
12.927485
11.693434
8.057946
10.868666
12.174255
14.111073
14.396481
11.628580
10.375040
2.234891
9.668668
15.529856
18.456453
20.923932
18.935225
9.154625
-15.685651
1.627019
10.422735
14.145487
13.024142
2.985975
13.300360
10.247234
-6.337402
1.786183
0.659715
-8.015523
-3.601487
2.116676
13.987626
16.618864
17.306336
15.101637
17.839571
17.941159
17.763000
17.735830
14.914172
11.981320
12.372820
9.932813
6.118331
4.735687
0.302021
-4.263178
-1.631191
-3.133905
3.674589
5.870435
12.443586
13.175455
15.725299
4.806254
8.727327
0.556488
11.086597
8.860588
8.364965
13.501644
11.808801
13.557553
16.042663
10.850885
0.070560
7.103214
9.752433
7.787152
9.219450
13.422315
15.441031
11.521910
12.674702
17.432285
15.105069
13.167806
16.673794
21.103326
17.029985
16.517389
16.322979
15.024646
12.431781
18.431014
17.495379
17.759106
11.656932
17.407154
18.624574
17.212298
14.904121
7.630691
15.808740
19.326941
19.559496
16.103714
18.213368
15.479930
17.499597
15.792163
6.337372
12.649634
8.635817
7.609684
17.540575
19.762492
15.577599
10.802552
6.479425
7.764261
10.404379
9.936713
12.099411
13.336686
18.755523
16.222589
-1.460987
10.300857
10.867696
4.432979
8.444888
-4.915278
11.298483
14.473262
8.614580
14.899690
17.710083
20.106056
20.192521
15.004145
6.941515
14.926463
15.038225
15.129194
9.440244
3.086416
11.931795
15.453515
11.494390
5.142381
10.268922
6.757627
8.197830
14.006684
1.126544
12.189645
7.100363
13.821574
15.471083
4.778772
11.830581
9.983166
4.281183
6.933540
13.259095
11.239621
11.184279
18.154411
19.657663
14.254969
15.975454
15.604749
12.572320
11.467843
7.505264
11.022295
15.113488
14.199852
12.841660
15.061144
16.865324
18.473158
20.321314
20.489564
19.023109
18.069841
14.929878
17.493194
12.644781
6.798477
3.802706
12.005721
7.000529
15.873692
14.730013
12.284999
17.797406
16.695169
16.604465
13.087488
13.206030
7.108848
8.459218
8.792375
-15.597839
12.225733
15.709499
13.941577
14.310114
15.194630
13.550756
15.778245
14.105786
4.419683
10.090223
1.465964
6.540379
9.874051
6.418340
5.124723
7.867835
14.988977
9.697581
10.252888
9.183378
11.118443
13.375867
10.327269
11.437017
14.040908
16.412051
10.558889
13.251756
13.175896
6.342702
13.747099
14.572132
17.875110
16.309914
3.167192
17.745088
20.868917
18.959567
19.091490
18.575148
11.359342
13.863853
18.653819
17.739409
16.776722
12.664891
17.010957
18.443272
11.030953
14.109031
19.292862
17.478838
12.234263
7.105002
10.992768
13.113287
11.514613
13.990760
15.980225
14.460608
12.115177
11.624864
11.562289
2.572372
2.868989
-6.214121
7.699514
10.867248
11.184756
11.068483
10.970411
10.551535
9.824971
8.380120
10.848082
12.112104
17.051944
17.884251
12.399681
15.566412
11.890595
14.140543
8.181664
8.857312
9.342248
8.832583
4.753156
5.678202
5.158266
16.532047
16.226880
11.958168
12.585649
3.696325
11.927657
2.399403
11.843461
14.077574
14.379749
14.721495
11.670845
3.659549
-8.539337
-13.949020
5.156298
14.279332
17.613514
15.032662
14.019702
15.130236
13.368099
7.708752
10.259779
6.426982
-10.262273
2.629257
12.190711
11.945881
8.343385
7.376193
12.310730
7.877976
3.623474
3.358760
9.992495
-1.788757
5.358245
4.641529
11.470027
8.414040
2.732171
-5.466033
2.101333
10.673526
10.398102
2.579425
-0.160964
4.259049
6.750575
8.735267
10.936144
12.403159
11.514086
0.616674
9.215884
15.126505
12.811688
8.373509
15.105476
19.342459
16.564902
12.372671
-3.316236
9.988044
9.123562
15.306873
12.397694
1.188992
12.739590
17.511813
15.185654
5.328191
9.356304
12.068540
13.855143
5.359378
9.783045
10.102790
0.844095
7.178833
10.131918
9.062109
9.226678
3.598581
-6.101239
4.320693
5.091404
2.705853
9.376206
13.281024
7.682055
10.420569
9.812383
15.823732
16.069449
16.107096
18.273751
16.972236
11.916100
15.416165
15.605426
10.585553
10.072051
10.692311
2.505311
12.309755
12.903625
4.935523
14.043110
15.925186
8.788884
10.972174
9.052368
-0.834882
9.758261
13.692137
18.728131
18.805423
16.569428
15.450692
0.004005
12.843605
11.624012
1.306941
8.480875
10.123504
12.526363
17.618467
18.802546
19.419653
19.264141
15.367353
6.958923
7.837440
6.378272
11.290281
18.117465
20.278685
17.941705
14.051438
10.378952
-0.953661
1.529544
8.048057
14.290923
18.558915
19.232253
17.290573
17.938486
13.370205
-1.771494
16.657569
17.700138
11.071099
-0.708625
2.631291
7.885663
1.031169
-0.464622
6.572072
10.503684
10.135472
7.530865
8.985054
16.478343
19.731800
14.304932
12.519260
8.466471
6.473477
10.176754
6.386081
14.239192
10.324125
14.757347
15.654794
10.958698
11.159321
5.428312
7.047085
13.938438
17.514407
19.263720
16.409764
12.410842
12.121370
9.918055
11.339050
8.002539
11.813683
9.435580
11.065480
8.391093
9.262123
5.608577
8.709793
11.522277
15.078928
12.630076
6.796301
7.511249
5.732990
-2.577376
12.168286
17.049166
13.289607
9.617828
13.817619
14.939788
12.030625
15.491842
16.997237
11.842808
4.510926
15.258990
15.875019
17.250909
15.275074
10.648688
-0.518384
9.765848
10.541825
11.458170
12.942229
2.643228
11.375123
16.640497
17.597038
13.782705
10.636589
13.668054
13.630174
13.640692
12.998986
15.156585
14.295666
5.912585
17.482046
18.006349
17.778874
18.082528
19.747108
18.928843
12.757755
15.423699
16.312444
9.876288
-11.251838
11.984863
14.630221
12.883766
5.909156
6.313517
11.374127
13.934048
14.615209
5.885873
10.436503
15.097193
16.645230
15.154398
15.707426
18.201132
12.301234
10.410404
15.165798
15.534136
11.726200
7.254274
-0.906803
3.014740
-1.021122
2.475225
7.008011
12.267674
11.526173
8.137915
-2.170791
3.345319
5.777969
6.680259
-10.485343
6.592194
11.020131
7.373197
6.286960
4.050115
15.657135
16.721967
0.371937
15.590176
13.466031
11.131401
8.257834
10.874901
12.714074
13.417769
11.934922
9.653547
-1.428065
15.755389
11.812178
18.560299
12.460389
18.713593
15.803177
13.478777
8.018793
11.039357
10.217237
8.216410
12.618783
12.359174
8.570313
14.357375
14.693167
15.720756
6.416380
2.618763
12.189764
15.137042
19.509711
19.836169
8.510456
14.596601
14.524995
18.609665
10.517486
14.483145
15.716466
8.576850
11.762647
-3.479495
11.210815
11.406891
16.130203
15.144924
7.761254
4.020714
10.021645
8.649959
10.382509
12.558672
10.597251
18.852768
18.254322
18.309216
15.486599
12.842084
15.845219
16.992960
20.511270
20.943793
19.166607
16.878945
16.496223
12.963953
13.671120
18.031579
17.985832
8.368749
16.062474
15.917169
-3.741495
8.539823
6.621175
19.362082
21.238029
18.712942
17.171244
16.513715
18.130111
19.716495
17.499424
21.262046
21.608409
14.107963
10.803468
13.407457
15.435878
10.731256
6.835257
15.162887
17.365415
19.643033
23.021881
21.849093
18.466464
16.527439
9.084661
14.085145
20.411739
21.163451
22.297379
24.386632
24.978202
24.833033
21.559303
14.640735
10.487097
15.323969
19.964725
20.919295
16.996122
9.446766
15.176808
15.929991
10.236635
4.922451
-1.474704
10.187083
9.744081
10.905779
17.920911
14.988654
14.024053
18.215924
17.434093
18.621021
14.833907
12.319989
4.874925
9.054422
13.556555
18.448905
17.266248
9.704660
4.063094
12.274430
15.270672
18.125422
12.156388
17.717764
8.904261
12.456889
13.492806
12.047877
10.009804
11.995271
16.513939
16.635064
17.748052
16.529484
14.230064
13.703253
14.983552
12.275424
7.216460
8.170058
-1.098774
11.159213
12.896837
14.255170
16.360836
17.837148
19.213511
15.326587
12.772394
15.849650
16.983147
10.657339
2.687389
11.753630
14.552583
14.371148
15.292529
17.042608
18.105143
11.112999
12.790074
9.472653
12.227633
11.628291
4.562334
10.118835
13.464910
12.857541
13.504784
17.082482
19.139116
17.694416
16.134966
15.824139
15.433211
13.332512
10.478284
10.272995
13.493643
12.248149
18.643205
14.331285
2.989751
11.065680
8.636383
9.055528
10.761623
5.919091
-2.580460
7.312771
13.511089
12.184172
-0.156560
9.114720
3.040891
12.995066
16.968256
11.887519
7.350268
9.822912
9.120439
7.842266
10.094621
11.838576
11.042461
12.546433
12.450823
10.956738
15.392172
16.120926
11.511691
10.163090
17.969112
20.702534
15.506809
5.102747
16.231549
13.824512
17.919392
22.699640
22.479779
20.046136
19.304511
20.337504
18.173384
21.820142
23.326449
19.691585
16.555655
17.941538
20.176688
21.280023
21.884930
23.244913
20.128200
19.109540
23.270472
23.211941
20.834761
17.843317
18.366369
19.511195
18.528870
15.759363
7.887530
10.010435
7.365111
16.262116
14.179694
-1.616611
10.307022
12.816623
11.450528
13.485851
14.682136
17.071857
17.405360
17.550151
18.418303
18.089666
15.476463
16.218396
16.689314
17.874709
13.317016
13.569352
12.109186
15.266944
14.308111
8.757639
14.899518
18.749792
18.575954
19.972535
18.904515
20.599406
20.123948
17.704596
15.885720
20.171040
15.593277
13.065575
17.006065
17.591113
14.308389
16.393797
17.509900
20.739197
21.770907
22.956178
23.441676
23.052500
22.688418
23.675806
23.448941
23.959369
22.492820
20.084143
21.801848
16.700398
8.653430
16.181471
19.857940
19.734113
13.756212
5.812364
5.219131
14.728206
18.223664
19.207386
18.259252
15.332827
19.236550
20.419467
17.878545
15.048409
14.288852
16.738032
18.338160
15.767826
-2.570863
15.017197
18.163481
19.051230
16.827799
18.093287
19.550532
21.238105
21.720215
12.139450
19.919258
23.979329
22.135426
21.328886
19.600211
15.339366
11.457939
12.181057
19.734295
25.241408
24.475144
18.479129
23.267552
22.014535
13.555941
20.255497
26.630376
26.923365
20.758979
14.892963
24.314240
25.437051
24.118255
19.035687
15.952073
25.995421
26.972027
23.747830
24.127853
18.946397
16.046608
22.425692
21.050438
21.291958
18.899825
-0.413287
8.727588
2.797056
15.412849
10.396441
14.491535
18.030083
19.848314
20.787672
16.538842
15.984298
13.394424
13.336424
10.527227
12.208079
13.900720
17.143675
8.712440
17.908778
19.150329
19.136713
20.292629
14.360814
17.826031
15.649323
10.728858
10.455427
7.537985
13.101911
14.063328
14.784482
10.255813
9.420963
14.384369
19.710640
16.384264
17.906726
20.972481
18.930186
16.722597
13.225064
19.388046
15.980574
18.415672
19.081567
16.552624
21.288221
20.047070
21.900330
19.822342
22.040850
18.950726
16.579251
18.642742
15.128608
20.248269
18.940879
15.789747
19.182000
17.773811
18.834257
17.387326
15.122679
13.001865
12.404158
2.194299
13.144385
17.969890
14.239470
12.184418
13.605287
7.263476
6.557030
3.113247
1.370783
12.983507
12.743474
11.886681
5.755087
15.562506
15.066470
11.009974
-6.412501
9.597677
11.354515
13.103167
13.382035
1.774122
20.293157
24.100299
21.124055
10.634414
23.470577
23.621503
22.783330
25.819037
24.647891
16.988696
22.122383
24.057436
21.127057
9.187119
12.241538
20.829065
25.306437
19.969108
19.742445
27.070136
25.240768
10.672700
16.484562
20.462803
21.931310
20.229521
7.845705
19.652203
21.435522
24.712482
23.754430
9.719241
19.921252
19.165547
17.006092
22.976327
18.511359
10.422315
14.716325
16.153118
22.108936
17.438144
14.501125
15.537196
13.524991
22.865887
18.934757
11.628286
15.491085
3.659646
12.328794
15.010883
13.360435
6.388775
2.962802
14.572409
18.608010
8.744358
18.315890
15.380616
11.599683
15.911623
11.041003
19.344359
8.694591
19.142361
18.806475
12.014699
20.939468
18.340713
17.972557
16.468155
19.329783
19.794123
12.726247
20.991088
20.680886
14.558812
23.220458
20.728709
23.805450
20.503622
22.758968
25.169632
18.826963
25.000396
19.230887
24.500736
24.521618
24.862688
27.518862
22.358806
24.988516
23.258325
20.041418
24.373504
19.048973
23.196754
19.205439
18.120951
16.817316
9.305429
14.262085
-0.354417
12.453697
12.955264
-6.959820
13.332150
11.036779
13.355646
19.635248
10.862833
15.619207
7.393783
13.256305
14.878510
7.437931
17.103434
17.094019
17.781320
9.568294
8.574761
15.069191
17.626524
18.855648
15.066224
10.478673
-13.805040
17.735544
22.480707
18.113925
9.342477
23.719383
27.223088
26.035079
23.127283
19.030212
19.456616
26.731810
28.783357
27.900499
25.443749
20.548911
15.923906
12.862765
14.979906
23.528221
25.601726
26.212680
26.384140
25.648321
24.822805
23.645205
23.017723
21.551610
17.029566
14.309341
20.220160
22.152252
18.868969
17.642875
16.777041
15.282181
20.482472
14.794465
11.201316
9.285362
14.248264
19.220940
17.081104
5.045731
8.943766
6.958049
19.380929
15.485792
14.629563
16.244656
9.207950
15.335430
11.592917
16.533420
13.054671
9.819832
13.335891
18.343443
2.182160
15.782681
12.534434
4.038118
15.699546
12.328879
14.465356
16.226621
12.749839
15.751528
15.890644
19.946929
11.619508
13.608519
4.895765
9.835998
13.650791
13.177351
9.430649
16.137886
2.432449
17.818005
7.956695
17.155740
19.692886
7.759343
16.245412
1.504612
21.363397
17.761155
13.684792
14.802967
12.133174
14.820692
20.216242
10.249984
19.965322
9.446007
14.204513
10.611715
1.127611
13.354672
7.952590
7.760354
10.359425
4.013265
14.268665
-1.751911
12.782985
5.479775
8.087069
11.831925
-2.501903
16.174645
10.984322
10.081925
10.666093
1.922111
8.034930
-6.802828
12.058511
13.796520
10.233571
6.000386
12.057259
8.332060
8.315644
8.495553
10.110466
10.224956
9.912450
8.603839
12.365013
8.586820
5.558023
0.542879
2.262223
12.793645
12.505497
6.253247
9.286395
1.232611
0.472337
6.732896
-1.228856
1.904435
5.830097
-1.818312
9.580734
13.098532
13.372646
9.816854
-1.716314
12.383908
15.037776
16.206500
12.982584
10.596083
-7.066827
12.194315
11.544976
9.829989
8.998650
-3.550346
-7.440199
2.691010
11.630394
12.991852
13.720156
11.979696
7.600172
5.344400
7.267600
8.129014
2.901165
-1.148237
4.965037
6.763354
3.390383
8.504492
13.019205
12.039380
14.696089
13.391957
11.449671
10.324874
6.179373
4.162342
2.453952
-3.826574
-0.217809
4.333731
-3.349803
9.364087
11.587281
11.527337
12.901460
10.913642
7.019561
12.775060
14.220574
11.427341
12.458552
9.810045
11.761942
12.300209
10.404192
3.230337
1.437262
-4.938517
-2.257690
2.767878
3.096130
11.518239
11.332199
7.819519
11.675631
11.489302
8.730665
12.038669
11.627719
7.332936
4.378947
3.010718
5.931020
11.108735
13.030452
9.192394
4.997175
-3.397464
3.012034
0.096594
2.846516
5.956586
-18.104900
5.316703
3.085199
2.378516
5.571297
-9.260472
-10.047295
0.992509
-0.375373
7.280790
4.849308
-4.032485
-5.522237
-6.057114
6.106305
7.272894
-10.141537
-3.220472
0.957870
-2.078616
2.911541
4.733306
3.790938
5.785839
8.667557
9.358134
4.192286
-10.573653
1.632442
9.794648
12.466376
8.883770
-1.106449
-5.325004
2.649789
7.164919
7.789545
5.828366
-0.859883
7.011725
9.557294
5.582757
-0.113345
5.038345
9.710256
12.429022
11.512985
6.764103
-1.061364
-9.853757
2.591566
7.194761
6.951238
3.638018
1.112205
-5.943528
-5.480901
0.808442
3.567401
1.626588
-0.593307
-4.061190
-4.103027
-0.573349
-0.802647
-4.072990
-1.844975
2.236337
3.711645
1.581685
1.386055
-1.855746
-18.857016
-9.639942
-11.468354
-10.791362
-2.108911
-0.407887
-4.730981
-17.333085
-6.086259
-11.874781
-3.765949
-2.890336
-9.334186
-3.392651
-7.402580
-12.707710
-7.411198
-2.768997
-17.683079
-5.363966
-6.346650
-12.446514
-15.347957
-8.334136
-15.391342
-18.394696
-16.824584
-20.527541
-8.619628
-4.310683
-8.940159
-10.381725
-4.965282
-5.375754
-7.645483
-6.815177
-3.997021
-5.088138
-2.162758
-3.747313
-12.099391
-10.662537
-10.971952
-5.871768
-4.440076
-6.023881
-9.401899
-29.868352
-14.245505
-10.404984
-16.285344
-17.858512
-16.513715
-20.196014
-20.894452
-27.350631
-19.197173
-19.699000
-19.972969
-30.150607
-27.695622
-26.866281
-39.460293
-221.138367
-37.342116
-32.256576
-28.430290
-34.844377
-24.568463
-27.017098
-31.901180
-25.202342
-20.158434
-16.409206
-21.438860
-18.937176
-9.880892
-6.387665
-6.468587
-7.197115
-13.218530
-25.639531
-21.611978
-16.878694
-12.098258
-6.054677
-2.859061
-3.799588
-4.432926
-5.970180
-15.224249
-2.211698
-3.636589
-4.289834
-0.767057
-0.150862
-2.544379
-3.967121
-4.915021
-1.747969
-0.520252
-0.142717
-2.128314
-4.710553
-0.759230
-1.647139
-7.639502
-11.457003
-3.818298
-0.766966
-5.835651
-6.932501
-13.834299
-9.313579
-8.421970
-6.526509
-14.053646
-5.667260
-0.973955
0.760673
1.312182
2.392991
1.846989
3.041172
3.640901
3.320752
0.327557
-2.316290
1.458180
3.950567
2.272307
0.456004
-3.002279
-25.559390
-5.943162
-9.826716
-1.656056
4.616017
4.484111
-1.421099
-18.647202
-17.436625
0.552529
7.995006
9.152514
5.096230
4.486128
8.432018
5.934602
-0.706796
6.903241
9.852251
3.909006
4.935985
9.692806
4.747634
0.168855
6.315998
9.906168
10.170229
8.987914
9.158246
8.618532
6.693883
9.955410
7.290549
9.395646
9.816323
-1.859757
11.087597
12.611985
11.546053
7.043278
-6.519027
5.013189
4.609364
5.858093
7.322752
2.652973
3.489393
8.502401
3.105543
6.764676
7.084459
7.010584
9.232866
2.465229
3.747468
5.968795
-1.030624
-1.183006
-4.879720
6.600558
6.697415
-1.742975
2.056445
7.018064
12.199665
6.131953
5.313373
9.982889
11.540703
9.570083
12.265493
10.941630
-2.224527
7.196908
0.602855
6.435856
-0.615856
-0.312827
6.872633
10.848250
10.724264
9.549433
5.407046
9.472679
10.526714
9.191362
9.742857
7.828785
5.281498
11.369428
12.581280
3.353662
10.217458
12.314420
-7.958159
3.779003
9.250317
11.273571
5.049721
10.481860
7.960435
10.811208
13.857620
-0.855558
7.134470
4.301765
0.053778
1.317253
-0.574114
9.766798
13.930309
8.155154
14.359474
16.049771
9.311309
-0.459081
1.984949
8.090889
9.374785
10.885010
5.783302
0.135879
12.071307
17.427047
18.344677
17.503613
18.714027
17.006163
16.559625
16.243291
16.051121
14.478926
15.421121
18.006516
17.484103
13.697192
2.058917
5.414924
13.755021
16.810789
13.758917
12.165568
14.405386
8.525340
-10.984471
7.961948
12.602550
9.506180
12.931297
5.024634
13.447590
13.668307
8.014023
12.134895
18.644879
19.264408
13.488950
8.404583
16.078387
17.620077
18.493825
11.565932
15.806302
17.032680
17.296210
7.060688
6.433993
9.330646
-3.582017
6.022059
6.315942
4.763056
12.958073
9.466675
5.951849
10.012546
8.304471
9.148147
15.809630
11.703341
14.424879
13.727291
10.962626
1.313388
5.160365
4.611507
17.010860
17.449929
8.768688
19.100789
20.158324
19.543406
19.141660
16.449566
14.527466
13.445010
7.326336
17.384898
17.314549
15.716470
19.126671
16.622642
16.591393
16.480656
19.682550
22.350321
18.579824
19.101922
19.675450
9.627191
9.912703
8.820283
10.487474
13.574226
10.448130
2.668426
10.027610
9.394150
13.407009
18.256886
17.151237
15.812441
20.757712
19.352017
21.355318
23.893537
21.181062
16.028021
17.161560
9.412155
1.320034
7.886351
13.550533
20.972080
20.860045
12.579662
22.929292
23.394148
22.236497
23.118423
22.875831
21.224909
22.123569
24.968983
26.626742
26.342786
25.635320
25.385767
25.755862
26.550464
25.726853
21.097093
14.583509
15.043918
6.424719
11.285989
14.937342
6.501910
17.115850
19.506226
20.799160
17.941445
16.150025
27.669749
29.862419
28.531534
24.804416
21.787819
29.444856
31.275132
30.685339
29.183186
23.921235
14.043562
11.854653
18.654911
25.766735
31.366169
32.164488
28.861295
26.378257
30.223318
32.547386
29.290328
20.778040
14.068538
21.510416
24.535817
24.328602
21.153396
13.859077
16.807946
18.506386
24.649423
14.720277
17.949288
15.741307
22.497314
7.977604
21.492495
10.287138
21.432152
18.528535
9.343584
23.971865
23.495203
20.618161
26.246782
19.104969
18.269758
20.337252
27.800310
22.933551
26.836137
24.303819
28.518618
26.595534
28.143593
28.479745
22.305592
27.489175
21.914489
29.760259
27.825521
32.213066
28.149787
30.137904
29.115019
31.556914
28.057329
30.466188
25.572056
23.456229
26.097347
24.352458
25.884984
31.104605
30.509612
30.027677
27.501509
28.625006
22.687604
25.107446
22.978693
25.690935
25.367806
25.333314
26.132300
29.864314
29.273375
30.204208
31.760147
32.114502
32.265567
30.907594
25.382131
26.170295
25.566797
27.231321
29.721922
33.033387
35.752279
36.957409
38.154816
39.443237
39.615649
40.072555
40.465522
41.309075
41.376007
41.197533
40.504219
39.739760
38.685706
37.447715
36.904362
37.290031
36.965004
34.333391
28.411223
24.268975
27.016703
29.564449
31.680427
31.999255
32.549164
34.997429
37.166424
37.764524
33.943924
30.583610
38.656975
41.558910
40.836006
34.069026
31.499744
41.850639
45.419298
45.895930
43.289131
36.988255
26.564851
33.172675
38.202020
41.951965
44.834444
46.192342
46.053362
44.177576
41.046149
40.592265
42.342662
42.350418
39.452053
34.049580
34.854469
38.233231
37.010700
30.855632
17.915589
31.796289
34.507608
32.255079
25.904745
27.502073
34.537622
33.212715
17.772154
28.109260
27.588961
29.287858
27.302875
15.534241
22.778344
27.640186
21.358528
27.321462
28.836584
25.008414
19.241893
32.197822
30.455514
24.351783
31.032372
27.366795
29.952218
25.979350
30.529585
23.385497
30.503142
26.968113
29.344989
27.739925
27.567637
26.430452
26.467741
27.413254
24.607067
23.505085
17.903438
17.300855
16.528802
11.931274
24.725219
12.563694
25.818852
15.170344
22.281715
21.751191
22.902568
23.590494
19.301195
25.464819
16.821834
16.144009
24.292332
25.644579
21.110322
20.490406
25.883992
24.245267
23.652215
18.336608
26.093630
21.760926
23.059886
12.604386
20.104682
26.093483
29.279044
27.057016
28.938832
26.729389
29.663630
31.486650
33.226026
32.611949
31.712485
28.237539
25.931930
26.928221
27.001987
26.356285
27.076075
26.441424
22.410124
25.959132
28.326252
27.641779
25.966941
12.982541
7.339987
24.302276
30.925323
29.681773
27.170991
27.010311
24.582938
24.002819
30.319253
29.801778
23.006750
26.242117
33.061682
35.006973
35.306747
34.020215
27.780139
26.234421
30.841437
31.009560
32.612086
33.628820
34.856093
34.581806
32.610035
30.473580
26.840020
25.492799
32.003249
33.430051
29.642853
19.963636
25.952120
29.146994
25.505395
21.838357
26.612835
26.036694
19.654032
24.051965
12.311683
26.859763
22.436850
28.454334
30.902055
19.473102
21.975741
26.322350
29.486140
21.825844
26.423149
24.437378
18.304227
23.940398
13.339671
25.174206
21.935621
30.155302
21.322138
29.084531
25.082710
30.194809
30.284486
26.503965
29.087768
25.822236
32.491630
26.412324
31.270410
26.130212
29.403254
26.997607
25.167615
16.715163
31.097843
23.484270
28.437736
21.288142
22.473277
14.267521
12.479174
23.665182
28.519468
29.269699
27.389017
15.116538
21.796224
12.611950
21.309774
24.675454
17.541213
21.421978
26.838975
26.290670
26.056593
28.273495
28.251817
26.879617
27.515864
25.898116
30.286777
28.022897
32.641200
33.971131
34.455490
32.518138
31.469508
25.531410
31.100915
31.361302
33.037140
34.915539
33.634830
33.845093
30.728348
31.414601
30.499759
32.636198
32.223785
26.776437
26.386611
17.614276
12.046066
19.314519
23.737810
12.566996
21.194104
23.048288
25.937259
28.566201
30.603247
27.322892
25.302601
27.461686
24.621200
29.377407
28.052903
32.665980
32.754596
30.738983
37.389842
38.377150
36.902328
37.428551
35.232248
30.652459
38.274919
41.969497
42.470635
39.809295
36.918042
39.185524
42.042055
41.324015
36.656070
30.376095
34.855770
38.863902
37.947985
35.085187
30.896164
30.415754
31.722343
29.567174
27.156235
31.353297
35.392001
30.554543
18.074466
23.599275
19.777328
23.655387
32.279970
31.102618
15.943315
28.459679
32.067391
29.444940
23.919846
29.680375
30.284397
32.460065
34.460784
30.469622
13.151533
26.182555
28.778378
29.653684
31.331809
30.768613
24.869202
33.860269
31.157267
29.866443
32.492902
26.768723
35.337454
32.802935
32.306696
35.261041
31.972234
34.401937
30.276190
29.641616
20.829524
31.493255
27.767212
28.168520
25.545717
26.977258
25.070404
27.632229
20.872940
26.558798
24.930269
27.305966
27.653307
31.558063
25.441370
25.254764
25.543842
25.342522
21.682133
25.642164
24.570760
26.609034
25.920077
24.917257
24.719523
28.143521
27.170641
28.662995
29.624566
29.369667
27.522669
26.387347
24.250655
26.292357
27.208569
30.304652
30.221158
28.032732
27.863521
19.596240
22.927168
25.901035
26.288969
26.753918
9.748997
22.987930
25.329874
25.853051
25.718809
30.578744
22.524952
22.627023
16.973488
26.139711
25.699141
22.467783
24.554342
29.101230
30.401879
27.357525
20.549969
23.202077
30.600057
30.391544
28.122771
28.425440
29.886489
30.587985
26.693489
31.100165
27.350947
32.830310
36.734353
35.272128
24.765897
25.836239
27.352706
26.144618
7.037324
21.952638
15.627968
27.754580
29.288693
25.031738
25.140102
30.122920
25.548681
3.887639
18.578239
18.940374
15.052922
26.451724
24.785497
24.425406
32.426047
27.084632
24.011972
26.827550
24.274873
25.199970
13.504265
13.661562
18.397505
14.056700
21.202292
24.166636
24.168861
25.763447
23.953846
29.016043
27.300184
18.196046
28.883530
26.266776
28.542687
24.615617
22.580558
17.028988
18.062310
15.275745
26.248939
27.381315
27.105314
26.035272
23.286181
26.854329
27.632186
22.420056
21.054932
20.225728
18.706653
12.790025
19.037577
21.863081
26.782107
28.004532
24.088086
12.055785
13.897771
24.384326
25.438397
22.290065
18.091132
12.145495
12.653683
24.952031
27.189355
25.909956
27.413581
25.010577
15.379834
23.296258
22.173344
27.623786
28.840261
23.724643
25.869136
26.431299
21.490868
19.943583
16.057762
19.511026
21.224042
20.015461
26.376613
24.552752
14.564358
8.769339
23.640440
26.733806
26.519661
25.967182
16.251633
17.136110
16.215595
21.108618
24.606127
19.177671
19.878936
21.926695
22.780196
20.350756
27.216548
27.337521
13.301419
17.624776
12.879228
22.897077
23.992357
21.582649
22.214285
21.278265
4.945639
9.426596
18.271616
25.087350
27.072023
27.643885
29.619508
32.485356
32.411077
29.221727
21.095553
9.758370
16.612211
24.683434
24.377158
19.680901
18.961609
3.599719
21.566578
26.464115
29.341130
26.713942
19.311363
21.837651
23.463912
20.695764
16.631189
20.627871
16.445773
20.487489
-3.358118
13.383639
14.376463
22.099561
21.947629
27.022146
26.132580
26.531114
27.632290
26.801342
27.238695
27.022450
28.355539
25.814169
24.318959
26.107907
29.022528
28.863362
29.320852
26.972766
28.150211
28.181018
25.706315
29.127538
23.392722
21.961982
28.892921
24.368854
20.804973
24.159739
20.759866
26.560754
25.960595
5.908537
25.674410
27.531033
21.893378
15.853754
16.792330
25.404711
28.380454
26.841457
26.205671
22.434125
14.556600
26.348900
28.647326
18.573324
27.167491
27.885101
24.228189
25.574135
26.912883
25.597551
27.831124
28.027314
24.868491
27.101967
29.034054
22.575346
26.956347
26.264354
26.855675
30.739220
31.537756
28.575109
28.518625
26.657763
16.840951
15.759913
17.318819
21.572104
26.230981
22.523842
22.899981
15.803310
23.600267
23.555663
28.373634
28.483868
27.120864
26.544273
22.291513
21.184890
14.030070
17.025348
19.172293
14.127326
19.153379
19.442078
22.808851
27.013708
28.103829
29.733350
26.052306
4.190209
24.017827
24.488144
16.087040
18.996341
18.792015
24.923020
16.258130
21.962526
23.265253
23.839757
23.975227
23.693256
24.495646
24.257209
24.465863
28.664350
29.126585
20.208884
28.487311
28.827741
26.021829
25.714464
6.503718
23.258193
21.053593
15.371451
25.927718
25.798214
25.846525
24.496791
27.201142
31.240213
27.534665
21.528945
17.659300
5.512083
13.968903
19.411509
22.103451
22.121934
23.766597
12.178300
27.705724
27.633831
23.182360
11.790651
22.609058
14.557052
20.962104
25.490567
24.472286
29.101346
31.050570
30.473466
28.221856
24.751805
26.102891
28.273361
24.525022
11.274256
25.662515
27.317606
24.936590
24.485397
28.314287
26.731512
23.045829
20.701440
13.864658
23.423626
31.657090
34.105394
32.205381
29.772723
23.663458
24.876398
26.944148
28.481187
29.321134
29.302586
27.635736
29.588500
33.938369
34.395194
32.642855
29.613213
29.555760
30.043285
27.297578
27.314386
25.556146
26.296183
24.197182
26.379828
25.360982
14.033403
26.929064
29.136020
30.281677
29.524172
30.273856
30.298757
25.360933
26.365170
9.702399
28.064438
29.456156
25.815949
20.318812
11.424808
21.272149
26.742387
27.797650
27.969583
24.526843
12.986716
23.169732
28.895727
25.631204
25.708413
27.422935
27.688088
23.481768
20.230008
23.895152
27.782440
27.737129
24.327745
13.768082
9.431141
15.378892
18.223664
21.019860
21.986053
21.367737
15.629376
13.628945
18.557126
20.389431
20.374351
27.201848
21.399922
23.186756
27.172872
26.174491
23.725405
14.927723
20.861145
22.259041
26.502087
28.956371
30.088269
29.280117
25.424728
21.723466
5.997682
18.152669
21.852151
25.771156
27.789901
25.614844
23.436433
20.873615
14.343034
25.621838
26.035368
25.274377
25.031083
15.636691
22.395665
25.868225
21.819239
21.714478
28.615817
29.910191
30.121416
31.465919
29.894898
27.480458
30.813423
33.251466
34.435659
36.754611
36.904318
34.025488
32.244219
32.510731
27.577010
31.636948
31.325888
24.315874
25.146571
29.056824
31.640983
34.223676
35.705034
34.129437
27.337167
25.249383
29.301437
29.759635
28.047597
16.761104
27.011368
30.554171
29.993304
23.552274
23.293778
24.716897
6.402650
24.503189
28.020461
27.351181
20.332031
27.166889
27.845904
32.020094
33.525055
32.070485
30.227610
29.874082
30.209092
27.416606
30.732014
31.838589
32.759638
29.686990
27.047578
29.202217
27.973997
16.234999
18.279680
25.106241
31.202664
31.203080
29.431388
25.716181
23.369664
26.910663
25.368244
27.552092
27.022184
19.354818
12.932550
22.199324
25.333456
25.056701
30.044583
34.251087
33.006571
30.754381
26.113339
25.559930
22.117083
27.542365
26.848206
26.878308
25.955176
26.208278
26.265317
28.978129
27.187524
29.076391
28.479007
28.747018
31.395276
29.071781
21.990767
18.424011
24.790530
22.779439
21.579671
27.762185
28.387702
28.801161
30.865298
32.626930
32.284955
33.003138
35.507730
34.657738
33.346107
32.941137
32.088742
35.729177
35.813805
31.079845
17.897533
24.104065
20.800073
17.167602
8.929561
27.291458
30.629101
31.409762
31.728905
30.731063
24.237952
21.890298
26.651837
29.915050
33.558735
32.884701
29.960103
26.321134
25.764685
27.063550
33.027935
35.534924
33.239631
31.572024
29.136460
27.450464
27.779625
33.571467
30.352326
16.141602
26.875815
20.662172
34.395646
35.515409
31.998209
32.868542
35.803877
32.607706
22.894655
31.429118
31.738461
29.404290
29.936478
29.080316
18.966242
26.094354
25.698318
19.556304
29.691455
30.803754
29.747331
27.416911
9.731738
24.336708
24.066421
18.541619
19.618034
19.614418
22.231905
19.727645
21.440051
19.551379
19.626034
21.892538
20.941810
23.162376
27.883966
29.813876
30.884648
29.497506
29.762715
24.070553
28.321965
30.164660
29.187320
27.718185
28.475798
25.826661
26.165294
21.867624
24.154058
20.146730
23.272747
10.655681
19.169480
13.494709
11.445902
20.111575
29.596987
27.109295
28.869887
30.991313
29.804752
24.591566
31.484948
22.349539
22.245552
22.326556
29.438527
27.623687
25.218187
22.293953
21.868475
26.053112
21.594376
30.222562
25.173904
28.833767
26.621221
25.503488
19.592248
27.131520
30.411003
32.326367
32.023832
31.681468
33.739469
35.962131
32.132465
28.788101
29.496672
26.476081
23.639397
25.619387
27.240303
28.545868
32.591567
28.172301
26.673671
26.024557
31.468395
28.782251
25.742223
31.710551
22.421805
26.270285
27.874074
30.747182
31.031854
38.107489
38.076294
37.083753
37.866681
36.522891
35.329859
32.699706
28.690448
26.813588
31.893120
30.783450
28.840292
32.058974
33.218637
32.426565
31.198538
20.152618
33.661630
30.005146
36.546897
38.424540
34.801317
23.671251
36.064253
36.705843
32.551624
29.293682
33.040484
34.394924
35.320962
30.483602
23.837101
33.108649
32.419658
26.231517
20.937937
29.091162
34.859633
34.448605
27.006969
22.017965
13.345717
14.150975
23.850269
35.438656
37.489485
29.873718
25.176962
28.502752
31.772702
32.991617
31.673848
21.383383
22.164171
31.231250
33.427133
35.598268
34.516709
34.716001
33.373500
30.156787
18.426690
33.211556
36.221571
33.898737
30.281629
32.363383
28.532674
20.801287
18.309678
20.868659
18.355744
28.363510
25.877446
33.655089
34.633229
30.850211
28.851974
26.133130
22.722864
31.047399
32.961566
33.144205
28.211669
31.855021
33.943433
37.235837
32.594525
35.610660
33.419928
33.588208
28.055246
28.184842
30.340102
31.286515
34.739408
33.314170
33.683380
28.671339
16.776132
20.626687
28.914781
32.531653
27.950869
25.859480
25.833500
18.734244
27.001958
31.843326
29.363139
32.811392
28.611119
13.068437
23.326867
30.053493
29.283153
36.040833
37.487252
37.087557
37.079529
39.237004
37.448898
37.485978
37.682590
32.783062
26.568428
20.073961
29.358895
34.814024
35.134768
36.621077
35.127043
31.932734
34.461000
35.339465
32.831952
32.165633
22.187914
34.284578
38.186051
37.845877
36.293108
32.680484
28.868631
25.218218
34.702955
27.726069
31.632857
23.499528
36.416331
41.809240
40.951543
31.328583
33.059019
38.014911
35.270657
18.475386
26.491069
25.047474
30.136685
25.802730
34.958507
35.300939
34.339157
33.464022
24.680132
18.124657
25.247057
20.645101
33.574694
36.852928
39.699743
38.806464
39.890993
30.334779
36.524114
34.330962
35.179098
35.895947
33.575747
29.663659
34.854326
31.982690
32.503898
29.443200
22.619240
20.616065
28.201995
31.917026
33.612649
38.215756
40.502525
36.548415
34.608082
40.143466
37.634491
34.783398
27.638617
28.925699
30.445316
25.807728
26.071338
30.891187
33.537732
34.919222
34.830892
36.427967
37.339745
38.182523
39.313756
40.163547
39.212169
40.465775
38.103662
35.786369
34.284285
36.766179
35.609245
28.207101
33.663026
32.056921
20.665449
28.797212
26.684503
22.082532
22.452613
27.650014
22.668677
19.922154
25.722844
29.834649
29.200926
27.197809
28.542230
31.484610
24.514739
29.810241
25.505154
30.829012
25.203760
32.531405
33.357290
32.871591
36.009657
34.003336
27.925564
29.615029
28.488405
27.643288
31.588662
27.346318
23.552312
29.310744
27.108605
24.413116
22.803350
20.796048
25.426112
18.302772
27.134495
27.026870
23.637056
29.991447
27.939507
31.468190
32.969109
30.756951
29.388162
32.842845
35.296307
34.929797
32.827068
34.022001
35.017505
28.308741
29.226731
35.906198
35.482903
26.794775
36.800807
38.557355
36.617441
34.651630
31.169866
29.476490
32.018896
34.020934
34.071908
32.414055
23.910698
28.537408
32.616650
28.846201
31.191813
28.216236
37.348324
38.988455
30.182377
32.345100
34.181967
17.305814
32.623801
30.065124
11.631570
30.682696
36.793680
35.908810
29.537039
13.309291
25.673977
29.395760
28.028175
16.881237
25.735940
25.529477
17.527861
27.850613
25.675096
23.330925
27.955821
26.127854
10.796620
21.647442
26.420640
27.386518
31.794204
35.689475
32.223462
32.283556
14.922126
33.179146
31.905430
22.780455
28.686656
27.960237
34.705519
31.137177
35.309546
38.378038
36.568856
36.533587
38.501217
37.057021
37.807423
40.356030
41.608292
39.167164
40.044770
39.885968
37.973121
37.687918
36.544425
39.569988
38.798954
35.620662
36.430700
36.687713
31.670718
30.879688
34.523921
31.504644
25.194493
32.465866
29.395995
28.264353
36.254030
35.157396
37.760632
38.170128
37.762114
37.823787
34.111740
35.191836
38.094261
33.162726
32.844209
34.531281
27.638789
22.649185
18.245066
29.210191
25.419550
19.365570
28.004324
31.496368
30.334738
27.321020
28.850421
29.943692
31.902430
28.040393
33.318332
32.179010
25.003483
30.120306
34.319377
35.341557
34.947012
23.484381
25.592529
31.540386
27.308359
22.467640
31.278038
28.547256
24.764443
34.568738
35.314698
29.563569
29.286923
31.035016
30.523205
32.038348
27.411556
29.962504
36.577985
33.239624
21.649109
26.532758
35.314730
35.760969
28.365372
29.742202
30.672531
33.915680
36.365396
37.976029
38.837548
38.481203
36.135569
38.351826
38.766965
34.680349
36.231114
34.904332
31.449548
21.305013
17.916405
26.707241
14.657479
25.038004
31.719685
35.277597
33.350284
20.986992
29.076414
31.306058
29.097270
31.745803
32.125643
24.049291
20.420439
24.637194
30.220965
29.780405
25.532740
24.704863
28.620530
31.121985
27.101929
28.219443
34.074284
34.803603
32.647744
31.696474
35.084880
35.448446
34.313670
35.834615
37.227723
37.055875
31.257404
35.605576
32.304457
30.963858
29.047871
17.059663
31.500004
27.952732
29.801486
31.622935
30.730631
33.071401
30.420032
19.666633
30.047059
33.013843
27.161955
29.840394
33.105815
38.785931
36.314650
37.749970
36.537151
31.554217
26.672786
24.493905
34.397730
36.657517
38.085985
40.260576
40.729460
39.212928
35.264747
34.755733
32.192446
27.281698
30.416436
36.265773
34.737949
30.721617
36.127789
31.982030
31.794485
38.252017
37.641442
25.535763
29.966820
33.965808
31.010904
35.267174
37.075843
34.227524
28.238199
16.544645
33.353728
28.533617
32.668946
33.286919
21.615138
36.622752
38.477021
32.861818
32.981114
39.082831
32.558567
31.714918
29.195727
31.721938
38.540973
35.539763
27.309262
31.726588
30.602278
28.972401
36.768652
37.330952
39.475344
38.120400
33.807383
44.135748
42.417926
36.690534
37.908457
34.607766
40.519509
29.586054
38.108587
39.519858
27.988246
34.561404
37.346963
34.593112
20.503744
34.657901
40.063703
42.577386
40.066927
30.254446
34.173281
36.705812
28.672954
42.121130
43.504339
38.826667
42.916588
42.490070
36.357886
41.492844
35.441128
36.485735
40.490260
21.103437
41.539837
41.569248
44.217291
41.845797
36.963309
38.613258
38.867002
41.137973
39.405167
42.011400
42.435381
42.714638
44.451145
45.013517
42.065274
34.045797
36.748596
40.525022
42.432488
38.328133
37.272921
40.758697
38.065877
37.125256
25.157287
40.401354
40.190053
44.807904
46.320500
41.472812
45.453360
42.266348
45.818003
44.115764
46.459489
48.038428
48.100737
47.964645
48.762331
46.216913
42.995241
41.259913
37.383086
29.930615
32.974043
36.674529
31.832078
44.018947
47.251261
47.223135
45.527065
46.817730
48.040101
43.137984
39.269053
29.959426
36.834753
39.491818
41.222304
38.081385
44.790120
42.445864
39.709502
41.485272
34.731801
40.420998
33.169327
35.110591
36.086880
32.828318
42.607548
43.800280
42.795756
45.704545
44.341501
43.703298
43.022878
42.957962
47.370494
46.906939
45.306436
43.717876
40.315035
42.593775
41.379097
24.811919
35.481721
31.575893
30.543514
30.553467
36.003095
36.110939
26.605760
35.520544
39.145535
37.353992
26.535584
31.550285
29.630733
40.795319
41.097216
27.338574
36.435822
23.281567
34.630951
28.236629
36.232768
26.380787
39.452589
37.915166
32.286074
35.170123
38.050759
38.257565
34.734339
34.624582
35.869236
35.525416
33.282292
36.814717
37.051384
27.543885
24.464315
29.733609
29.131022
30.100961
41.044269
42.532575
43.432523
42.004429
41.390188
41.826510
44.374460
42.496575
34.029761
35.708045
46.740407
47.891159
47.699731
47.007992
42.824476
43.559786
44.799231
41.452028
26.443307
30.755805
31.392555
41.315854
40.009859
43.286983
44.609104
44.318686
39.784372
43.155312
39.917201
38.285347
33.064171
40.014644
28.978202
36.260146
32.890956
38.951053
37.173855
37.808710
40.088522
36.017651
36.858754
36.414218
37.772213
38.094860
38.696701
38.450901
40.287151
42.241709
35.556515
36.620090
30.811999
35.157153
37.252810
30.147471
39.637156
33.525246
40.288550
39.338245
35.298119
39.906578
37.606545
39.473656
40.312188
43.891302
39.093899
36.202485
40.274196
34.856637
40.001740
40.600972
38.066464
39.048176
25.635742
37.875279
36.511822
31.931265
37.490338
37.767719
41.279751
27.129799
38.499594
35.808780
38.508665
38.915949
41.335668
37.979359
41.093252
39.951553
30.920701
39.709962
35.160963
32.512517
28.521404
23.518228
35.534681
37.712577
31.736537
36.772085
36.545673
36.916006
37.018151
24.647382
35.195745
34.400358
33.684705
31.644529
33.545192
33.264793
35.564516
29.159685
31.821630
30.066308
30.993706
28.508059
28.373072
32.217571
35.363354
32.080084
29.539848
36.302981
36.543746
36.234626
36.326420
34.194341
34.109294
36.966453
35.881906
38.426061
37.661088
40.932814
41.842123
42.922783
44.963165
33.636208
41.181994
36.790306
38.734781
41.052582
41.605573
37.724797
38.034987
32.714997
35.557265
37.347876
32.063798
33.080437
29.820241
25.369625
33.635374
31.880568
36.865137
38.858593
38.607052
39.689520
38.924017
38.747041
38.561922
39.001618
38.944868
37.597434
38.116397
37.775322
35.898864
34.438751
34.639785
36.216507
34.967263
32.033462
32.801376
26.216842
29.449762
30.777948
26.833228
16.040580
19.299561
21.623576
27.071520
24.817014
12.222813
22.609858
28.337427
32.145139
27.928698
27.920938
16.032686
23.244366
27.890519
33.174408
26.869748
21.484304
19.797059
17.049197
18.363868
20.603785
18.001483
5.460710
13.521158
14.200782
21.491629
24.183212
26.966236
27.279676
30.307002
31.583778
29.531558
27.343724
23.874928
19.698778
23.369126
29.646341
27.180230
20.870031
27.136176
24.011701
26.938946
24.846321
16.310274
18.784545
15.418697
19.105836
13.654307
26.776324
26.848610
19.314197
14.271033
15.664348
10.613838
15.503946
9.964496
-6.749645
8.860979
21.717474
25.871137
23.239271
19.455228
14.577776
15.448777
24.486246
22.194444
10.698810
1.449966
14.874621
24.864369
23.502157
14.983620
10.650106
13.812402
5.716760
17.113422
8.304612
17.416809
17.069204
21.022652
19.801018
20.186956
18.791026
21.319997
20.158751
26.938891
18.053720
23.783342
34.095455
