-inf
-106.018548
-104.289456
-102.975418
-89.092685
-91.996408
-87.667891
-87.518967
-83.803331
-82.143136
-79.091167
-81.388869
-79.529678
-87.251345
-77.155098
-87.353177
-78.136328
-80.245406
-74.918883
-65.461034
-63.207693
-72.349793
-84.966233
-74.945099
-62.710041
-59.708998
-68.065039
-68.280325
-62.771000
-58.377252
-55.156347
-58.740278
-71.045125
-86.121070
-68.888206
-62.845062
-67.245660
-61.719045
-62.648946
-57.154399
-49.180023
-48.823204
-61.526450
-55.665997
-58.953605
-55.197198
-57.289487
-48.379666
-45.921130
-48.490001
-45.014384
-50.936335
-44.288618
-41.491411
-47.443712
-50.795100
-46.305730
-42.529251
-40.039077
-37.689679
-38.674265
-41.414223
-41.444960
-43.949797
-46.367567
-53.388839
-53.802997
-61.601963
-48.803574
-45.947410
-47.937111
-49.005108
-46.014014
-44.086886
-38.464813
-31.926695
-36.980210
-41.398994
-48.386230
-36.276387
-36.049816
-31.617273
-35.211529
-40.728222
-50.906909
-38.106808
-35.648803
-40.895594
-43.020746
-46.083105
-35.096024
-30.959012
-32.097001
-35.141772
-28.371094
-28.954826
-25.838765
-24.409142
-25.807327
-25.831630
-24.196555
-22.146868
-21.634264
-21.983364
-20.467700
-20.244322
-20.518964
-20.170332
-19.831357
-18.905340
-19.828754
-19.419589
-21.256829
-26.086563
-24.178278
-32.291881
-27.690430
-24.280685
-25.149041
-19.717924
-21.362719
-24.060373
-18.596953
-18.764876
-14.742977
-15.155971
-17.334884
-19.141561
-14.613149
-22.023267
-10.561682
-12.468460
-13.416526
-14.194233
-17.335336
-16.440702
-18.856147
-17.643826
-20.374132
-20.163141
-17.906013
-17.873641
-17.441224
-17.559551
-24.201091
-21.540097
-18.136890
-21.163549
-24.889723
-24.637201
-22.034797
-22.846207
-20.975654
-23.523117
-17.004543
-19.191251
-18.798557
-20.587635
-18.436574
-17.610729
-16.705833
-27.145362
-14.666425
-14.661061
-14.924536
-14.591906
-19.521871
-13.440875
-15.514434
-27.427163
-22.320865
-18.227230
-15.476850
-10.826502
-19.514990
-10.383935
-9.142597
-12.157407
-8.702567
-11.024299
-11.334135
-13.937104
-11.149900
-22.423826
-8.178521
-11.595707
-11.778748
-17.243978
-12.570072
-11.113753
-23.260912
-9.756576
-10.646859
-8.021389
-8.530122
-13.585183
-8.078036
-12.060608
-9.080497
-4.194838
-7.686131
-8.437271
-10.217417
-7.830841
-12.353175
-8.227337
-7.191730
-13.870138
-7.673734
-17.079322
-9.890280
-11.902624
-16.164852
-10.274217
-11.255627
-4.488644
-6.361785
-8.116987
-7.790503
-8.312023
-8.554706
-9.833094
-9.309301
-10.071497
-5.922064
-8.123657
-8.680632
-6.825890
-12.808777
-9.362707
-16.568098
-5.455429
-12.329995
-7.033232
-5.326107
-2.013039
-5.309332
-0.700680
-0.336228
-1.584619
-4.788313
-3.409186
-13.259648
-13.823854
-18.064098
-2.983412
0.435471
-0.732578
-1.396771
2.857581
3.619881
3.881596
2.800859
-8.161759
-9.770565
-1.234539
0.712295
-1.766968
-2.134862
-1.452450
0.043559
-0.788726
-2.209620
-13.085767
-13.988791
-13.319535
-18.522403
-15.376649
-5.803205
-5.974166
-9.441121
-7.132761
-6.723939
-7.903821
-7.729522
-4.141981
-4.284697
-7.101469
-9.921876
-4.229362
-2.628738
-15.637556
-5.722807
-13.656392
-7.199730
-18.486985
-5.270811
-14.306349
-0.486204
-0.726803
-11.830297
-9.849854
-14.803866
-3.924968
-2.073134
-5.638032
-14.492917
-4.928035
-4.976369
-10.366678
-10.317502
-9.226184
-5.261605
-15.872843
0.752714
2.025588
-0.195140
3.265531
4.911741
6.569715
7.090562
2.735145
2.857002
3.594187
4.288982
5.708445
2.855905
3.916508
2.779685
-6.943804
-3.629668
-4.550548
-6.436569
0.870183
-4.764096
2.044131
0.322956
3.113754
5.512287
-1.142328
2.052554
0.375875
-2.227537
-9.049365
0.313608
4.235733
9.190893
8.021416
6.783496
8.532162
8.612737
5.432725
-6.701987
-1.807524
-5.456141
-8.447843
-0.943789
2.984480
4.771110
8.043945
10.640387
9.893587
10.080427
10.068731
8.540269
6.246885
7.999333
4.497753
7.734707
3.803970
8.701338
7.238292
2.669862
2.930455
-12.264449
-0.247442
0.742089
3.483693
0.046577
1.150324
5.303091
3.443913
-0.284347
-2.939101
5.128299
8.124346
7.609657
5.920715
5.688905
5.312252
2.753231
4.533133
2.309142
2.102262
0.499063
5.428188
7.846205
5.244572
5.261459
-15.128754
4.304145
0.345585
-0.653166
5.444297
0.354978
6.532692
7.004633
2.960028
7.682910
6.344805
-7.058372
1.019381
-1.468361
-5.342508
4.514556
7.069496
4.600192
-0.761332
-14.871312
-0.737867
2.059960
-0.681721
-7.211101
4.364191
2.996503
-5.482546
5.494297
-0.374155
2.969732
1.794909
7.565306
9.326040
-0.959509
3.396230
4.793805
2.691950
2.172095
-5.581802
-3.909663
-2.743182
-7.118428
1.154065
4.197176
-2.580047
-5.064534
-2.503708
-1.618511
4.947212
-1.113131
-1.191140
4.465263
2.652109
-12.314475
-0.601750
-1.178863
-5.273416
-0.412613
-17.181087
-5.447007
0.582761
3.471442
1.703052
-2.513019
0.482002
-3.476950
-7.868050
4.277504
4.927876
-1.489938
-1.262754
2.922565
-2.444124
1.611612
3.178764
-2.631323
-5.726887
-0.777042
1.825267
2.373226
6.360278
7.915606
7.485443
5.349498
3.959603
1.738316
-8.127083
-5.909849
-0.990138
4.031005
5.281960
3.884704
6.393979
0.751785
-2.475784
-5.116443
0.773157
-2.155986
-12.498841
-1.707939
0.980863
-1.322541
-0.392940
-2.177160
-3.988753
-0.404387
-14.807702
-2.782534
-0.829653
0.547773
3.885653
-0.425823
5.409278
5.617691
4.261083
2.776573
3.947721
3.620462
0.268300
1.255750
3.447726
2.754460
-3.064389
-4.145974
-0.090051
-2.555702
-6.435625
-5.572067
-1.288781
-0.812662
-6.360933
-10.542249
-6.878019
1.233652
0.889071
-1.724262
0.519667
-1.674895
-9.729294
2.668963
4.631182
1.108119
-5.538771
-15.884562
-3.800124
-12.556341
-9.133170
1.045871
4.535104
5.896280
4.379853
8.500751
8.119838
5.937753
8.317504
8.707910
7.880398
6.303718
3.887901
0.678597
-0.217941
-1.561033
5.868248
5.455641
-3.292752
-8.142874
3.481114
6.852896
0.270785
-2.246845
2.413212
0.931284
1.476259
-0.238722
0.070986
5.855126
5.142126
-4.629258
-0.813585
1.950008
-6.827629
-1.954198
2.310491
-3.604753
-5.680336
5.814811
6.241823
5.252061
1.085362
-3.999139
3.208664
4.380213
-0.865546
3.028623
1.101972
0.040740
-1.456669
1.588995
2.782524
-0.677667
-9.284613
-3.198872
0.623484
-10.309970
-5.874225
-0.853042
6.070985
4.415403
4.765366
9.728302
6.857234
5.808450
9.551766
9.521317
9.960512
9.582154
7.010012
8.137698
0.179029
1.341636
4.442429
-2.798063
3.542925
6.592997
2.979518
3.801259
8.848924
8.622539
7.843088
11.051925
11.853463
8.858363
10.032278
10.347863
12.291051
12.480153
11.632808
14.104155
12.882073
10.363606
9.643305
11.117562
9.179954
9.245205
11.084329
8.045742
3.903238
7.501406
0.785913
1.542081
-4.334409
4.820239
6.123589
-12.103834
5.287156
5.256583
8.752080
4.886256
0.507980
-0.428526
-5.172389
-15.993912
-0.633417
1.223775
-3.371932
-0.998609
1.206025
-9.087647
-1.056987
-0.821516
-9.647246
1.528628
2.925115
-0.767803
-13.103657
3.152886
9.553419
10.467014
4.384721
-14.637749
3.824428
6.411693
-8.877741
8.026931
6.218549
4.084278
12.918773
11.307026
2.203289
5.207183
2.889854
6.688553
2.637529
-1.960998
6.570511
8.256483
8.233594
6.259609
3.745224
5.466589
8.976310
10.970044
12.937850
11.209163
1.230960
9.946884
10.397945
3.746212
2.855924
9.592359
8.624496
7.457172
9.587478
9.981535
7.555590
4.128393
5.524638
7.764220
6.290696
2.789377
4.868651
-1.458435
1.958653
2.093523
-6.710986
0.439539
-4.163369
-2.128941
-0.492078
2.230478
4.459656
-1.271766
2.549220
6.818516
2.900064
3.772075
4.925565
3.262937
9.367518
11.400620
8.289307
8.801730
8.002540
0.701564
6.353457
1.056211
5.387883
0.118939
7.115340
4.199462
2.881516
4.911082
5.571226
1.485815
-4.288508
-1.515644
3.492006
-1.679107
-2.022929
2.605276
4.744193
-3.361388
8.056238
9.688472
4.258650
11.686870
12.869855
10.413986
11.942069
14.285336
16.673397
15.445713
16.422988
15.599070
14.493683
13.676727
12.790745
11.219442
11.333518
9.977750
7.356902
2.562724
2.324762
6.987974
5.493955
4.232447
11.402778
14.279397
16.813874
11.303968
13.269754
17.249295
14.987931
10.410206
8.739943
5.050246
-2.510373
-0.481909
6.367316
9.453255
8.957265
11.854096
6.688602
10.625838
12.971164
12.279418
11.456363
13.674573
7.510273
17.091500
16.031960
16.950207
14.128337
10.875027
-2.029666
2.597170
-4.500374
2.079936
10.888638
11.788564
12.775115
12.457431
3.326379
7.685039
2.620511
4.088766
-3.902277
12.917613
15.686464
10.755148
9.049268
18.696762
19.578972
14.210555
1.318224
9.476003
5.593645
12.594940
3.134591
6.809372
10.645573
14.282525
15.859600
16.224061
12.346855
0.274437
10.276382
10.966908
13.498607
12.644308
10.140189
13.358626
14.876767
13.414545
13.117870
7.686789
-1.574116
4.944361
11.182985
16.106485
15.933825
15.920678
17.732698
15.599117
15.631021
16.054573
14.631992
7.898131
8.692272
1.989428
-8.245239
7.321188
11.545187
8.120642
10.624519
5.806823
-2.437239
4.685652
4.735249
6.850236
11.454601
7.861291
-0.403258
-4.230286
7.688430
12.723963
12.378226
13.826920
10.397465
9.474473
7.342617
7.236407
12.792738
12.647809
14.861875
11.869057
16.533669
13.264548
11.199402
7.579298
12.535067
12.375642
10.484673
2.183320
5.616750
8.358743
10.380111
14.186244
13.231202
5.476641
7.985770
-1.998946
0.537001
-1.998963
0.515647
8.270018
12.123696
10.064894
13.704938
16.050693
13.063582
-1.698396
10.054575
13.294144
14.659487
14.483020
15.587390
13.439050
11.265946
2.221631
1.463592
11.776790
13.117276
11.921064
8.673801
5.370683
10.090097
17.728506
15.700304
4.134530
-5.542167
-6.324843
2.369973
7.381529
14.845703
15.279255
9.533293
1.402563
6.718622
12.929228
13.640670
4.391559
11.060482
15.920250
15.016606
13.684545
9.960108
13.240401
17.416958
16.797691
4.426998
15.579360
19.224863
17.369488
10.849991
14.528715
1.041930
12.110061
13.360288
14.174545
13.037054
9.840531
11.805834
12.937635
7.880222
9.779186
13.810536
16.462767
17.677865
19.043708
18.282818
19.297385
19.350594
12.296959
12.034274
9.183140
7.601313
3.774781
13.085463
7.139058
10.200996
12.909039
7.487087
8.158073
9.678564
14.119677
10.095814
8.812072
7.212966
5.254775
8.113245
11.155610
10.468801
13.834915
17.686318
15.485382
13.449094
13.813160
14.137384
12.243698
8.985881
1.468263
7.401146
8.540509
10.774674
7.136418
12.206672
3.600070
8.080378
3.917303
4.364331
7.310103
9.737130
11.573485
4.483017
4.423507
4.548976
13.705855
6.833933
12.068566
13.276564
11.176565
9.437388
11.946485
2.482465
-6.161825
-4.091646
1.604486
-6.887963
5.750442
2.645754
6.674399
4.409272
8.728239
8.410893
11.081306
10.344958
11.835347
12.833932
11.012471
6.782283
12.495658
12.251653
13.659988
12.610398
10.701661
6.001233
3.801820
4.773690
2.528318
2.474786
4.384571
2.693267
5.218620
2.622216
2.646905
1.591554
7.137410
7.428740
-7.155195
10.551002
12.902439
13.979867
12.888564
2.774400
8.937391
9.354395
2.247241
12.382265
13.259366
12.748109
15.103201
14.814771
6.301211
16.035155
19.252211
16.337752
15.488286
19.026343
17.927430
4.214796
10.449270
-0.264121
13.967416
17.207362
11.436316
11.127941
12.834715
15.291049
16.979418
19.295463
16.809218
10.865568
9.587430
10.164598
13.824276
16.769576
17.464304
13.841303
10.598767
5.857897
8.226211
14.739974
15.758459
15.459952
14.699919
11.382895
-6.958391
1.300254
4.953321
8.277900
2.091948
15.294831
20.049355
19.985283
16.365397
17.238332
17.663835
18.995991
19.866501
17.382419
16.684737
17.047208
15.306063
13.262406
12.869418
12.264367
6.102309
7.322527
9.354062
3.007978
6.595162
13.696596
16.040505
13.412653
13.165042
13.782818
11.914336
13.725318
11.032877
10.996202
10.763458
11.706939
11.697180
12.411675
7.006723
10.469892
11.043617
15.704968
17.977460
19.242271
15.056056
10.088456
10.385486
7.271624
-1.974889
4.467635
12.155251
12.705402
10.541790
12.104439
8.583664
10.950398
14.685815
16.477712
16.497495
10.421264
3.614889
1.590387
13.349559
14.597947
12.463469
15.123037
18.215834
17.314927
16.228490
12.933214
15.745825
15.430934
15.804576
17.667559
19.142231
17.657366
13.503267
12.844337
6.029559
13.068782
13.758130
10.260920
-7.819562
10.514735
9.111662
9.390199
15.851264
16.432159
12.909380
2.679135
13.985641
15.717686
15.279491
11.247434
13.355210
20.167468
21.763046
20.301665
17.738943
15.174750
11.284458
10.473717
17.503682
17.834688
13.794691
18.748349
18.501768
20.302964
23.201716
23.071925
20.772886
19.608600
17.190459
13.877392
16.311725
17.902635
16.578015
16.386670
15.112171
8.230702
8.355329
12.424175
8.971472
2.232351
11.646590
11.909727
12.690558
12.296863
1.037890
7.588296
10.170936
12.369165
14.564036
12.565100
8.665900
4.986219
-7.148971
8.596606
12.317657
16.192831
17.020764
15.908643
13.474132
9.250855
7.872725
1.959064
10.776504
13.245344
14.263475
10.297105
8.530013
14.351679
7.543917
7.578728
5.766152
0.857695
2.877847
8.635925
9.273956
8.327472
5.550984
2.725915
-3.202136
1.154502
11.733858
15.162933
15.227930
11.360326
7.714862
10.986300
15.212294
14.966811
13.271957
13.214412
16.498596
10.792260
0.628899
12.188678
15.651069
15.498782
14.463162
9.012565
-0.815138
8.098500
13.615269
17.275106
15.903014
-2.439401
14.242991
13.258372
18.215813
18.210525
17.480451
18.257564
17.131512
14.944158
2.068098
13.415275
14.453716
12.290663
14.409255
13.688806
15.466631
15.469406
18.234695
17.766749
17.843779
20.892995
22.664906
22.227651
17.897350
15.964151
17.650565
17.688675
16.868287
15.350806
13.302611
12.109224
18.238041
20.690249
22.609810
20.181052
11.967131
2.427706
9.284029
11.647956
15.353176
16.955486
13.146130
13.616855
16.017401
14.381839
0.013107
13.283399
17.051261
14.900314
13.568749
17.058319
19.329448
19.926069
17.996360
13.386814
14.424608
9.915656
3.530114
11.601629
0.802729
12.213944
16.684920
16.776318
1.268396
12.876196
11.251034
11.252050
8.579606
3.156498
-5.280825
6.885888
10.775028
16.800242
20.525283
16.505705
13.820845
15.190070
15.161248
15.310241
4.773462
10.475092
12.699180
-4.035809
15.194423
15.521274
18.346670
18.025724
9.766781
18.703964
18.261213
14.082207
13.893035
14.150954
13.368046
13.669497
13.553508
12.998483
11.715236
6.030321
14.714690
8.603164
8.826970
5.937147
14.357730
13.906893
-5.901247
15.980329
19.680852
18.070810
17.000167
12.814789
9.467496
9.198276
4.191703
9.256148
7.128684
4.152885
11.327185
12.453290
16.725531
17.321603
18.704088
18.613336
13.814848
13.878935
6.101460
13.217615
12.860961
16.587584
11.948193
7.714394
6.174975
7.275500
17.111800
18.992150
19.068124
22.050262
21.271217
17.407163
16.835335
17.546821
13.185314
19.663517
17.750927
15.536947
18.715269
18.538578
16.324505
17.659339
16.340093
15.013651
18.690067
17.991963
9.417302
19.510813
17.231897
5.459107
13.356144
17.147204
17.802505
19.361018
16.404792
7.811931
6.892875
12.952021
18.609199
16.772101
-2.974245
17.097341
17.717030
11.935673
15.355080
12.019848
15.603266
20.146871
13.235472
14.685754
20.440114
17.038436
19.532688
19.521429
18.363536
20.731176
20.293240
20.471964
17.576903
15.807516
17.322290
19.883225
18.569705
18.805519
18.387739
19.238262
18.156662
17.777708
18.686855
13.631922
13.803441
6.099931
5.126699
-11.595465
12.269738
8.247620
12.449319
8.472241
12.556423
15.344180
13.737531
11.230857
18.653052
21.299860
18.442468
13.564556
-4.382675
10.998846
11.737772
16.453666
16.779582
8.728001
1.893806
13.250637
21.396464
24.605468
24.699405
21.853218
19.897259
19.345065
17.380062
10.584003
1.758659
-2.702617
13.649693
14.605400
13.993455
16.422857
15.347274
5.349125
10.114379
5.810729
19.866543
19.765285
12.919212
15.368374
14.534599
12.506569
11.825038
17.273231
13.795464
8.922185
9.862449
8.997725
18.733031
19.305270
19.539179
16.465582
1.614253
7.429049
17.437223
19.280869
12.939506
14.167881
12.474662
9.041199
12.946826
14.513921
19.474167
18.931823
16.807153
21.942599
20.745956
15.315350
16.458105
8.561527
18.212119
20.634979
19.151213
20.450477
18.233021
5.954546
5.466236
11.431756
15.650578
18.818802
17.784629
7.317976
5.495897
17.548111
21.484475
20.281972
15.382874
12.577302
6.349688
12.286259
13.825282
14.674440
16.059522
21.291615
20.533728
16.985555
19.754626
20.844653
21.140644
20.028264
9.075072
11.881645
10.868336
16.439925
18.495008
22.442107
20.186231
22.823027
12.155590
21.279780
23.015698
17.973566
19.803238
18.228728
18.246585
15.302330
8.176832
12.537737
7.821900
7.684716
19.400540
18.495568
21.068376
18.272936
21.365739
26.727305
18.746821
19.127075
20.813470
9.434844
13.342479
13.000533
-1.669872
20.011373
24.605820
19.643218
19.555075
23.832259
22.318382
10.212013
16.556932
1.661874
20.789431
22.017789
20.521599
19.471541
29.998063
31.480586
27.596849
22.137799
25.907337
21.520988
25.435818
24.754663
23.313963
23.031651
25.320787
25.549671
18.172070
15.540349
22.368298
25.433054
24.152813
19.626342
17.560207
20.811998
21.273008
12.127233
17.801223
17.719616
25.793879
20.954424
21.109153
20.606472
18.285031
5.066610
22.092051
21.647630
21.280233
18.326910
15.016536
23.304378
23.494159
25.703163
25.807243
22.731755
21.836146
19.815057
21.972370
23.128322
24.995958
25.271504
24.330588
22.858899
23.852453
20.449137
20.667563
21.691083
22.400749
20.383194
21.475326
17.536031
21.217167
21.439241
21.170928
21.378308
27.515784
23.631820
23.305281
20.950396
22.599745
16.934718
23.714847
21.173872
23.101585
21.690913
24.334596
23.954176
27.701118
17.058295
25.891306
26.546808
30.693494
28.284739
31.594505
28.661129
29.178347
31.733856
23.186124
28.931314
26.325875
27.637729
30.361773
21.391758
27.312231
27.896500
26.239458
25.385247
22.810529
9.800623
27.139838
31.152137
29.172567
27.018059
26.435207
20.695859
26.242146
28.885801
25.299304
12.804166
27.984707
29.183308
20.579986
16.723197
20.566428
15.062914
27.564297
32.423073
28.405698
24.229978
26.662270
28.838804
27.553592
28.055391
32.265815
35.150026
36.087367
32.100672
27.642446
33.943883
38.633301
39.372827
36.537795
34.291824
37.204600
39.887476
39.407886
35.734869
28.133982
32.735358
34.953260
34.448650
35.945096
34.979426
28.350217
30.387495
30.320555
25.729168
27.075376
22.340886
25.203102
23.065760
25.107807
28.409933
26.394670
23.787526
20.920366
19.088006
10.482737
21.675403
17.273979
10.027405
15.617509
24.411752
24.823501
30.292784
30.727148
28.612674
29.549495
28.885236
32.023988
31.835747
33.138494
31.282145
29.628373
29.390068
23.842658
29.802867
30.873622
32.833115
32.370911
31.063150
26.467033
28.753114
24.386669
26.026648
25.412648
26.807110
26.851066
24.656458
24.912843
25.483474
20.088816
16.230408
23.387021
20.043729
11.368309
20.575003
13.917754
26.212685
28.115837
27.388091
22.556306
11.392816
13.203697
21.432005
20.269438
27.441616
22.510752
30.146943
15.786898
24.262002
26.114664
28.542997
25.292659
30.455577
25.620230
31.722291
25.075671
28.363994
25.802999
29.606346
29.539513
24.450275
28.474976
20.735481
29.591560
21.394813
24.656350
12.844785
23.468501
17.855337
24.011513
26.020329
21.446086
29.129463
25.988774
21.665284
19.185782
30.637893
28.213348
22.219059
26.665187
12.140341
23.903876
19.529216
25.935170
26.534623
21.783477
25.473867
29.138838
25.967355
20.002282
29.704931
33.515581
32.112251
25.625294
26.996027
30.653120
32.813130
34.808476
35.106359
33.902702
32.909605
31.330738
31.186294
26.602979
28.172419
34.436239
35.746536
35.470548
33.549065
26.753331
23.541815
30.360716
30.902087
24.609571
25.213630
27.664966
27.849630
30.384419
31.651999
25.053004
8.114790
13.781442
26.789963
28.488945
29.197585
26.854655
23.329860
27.385397
28.044309
27.348802
28.018812
27.969378
26.997442
29.327431
32.826781
33.750672
34.389201
32.674302
30.875783
27.966067
30.200060
28.342819
30.589447
27.428511
21.464359
13.988739
24.468940
23.194706
27.552161
19.819916
25.160326
25.778207
27.441788
22.073082
22.717905
27.277096
25.949809
17.826472
18.529310
27.197335
21.058778
25.373170
24.710366
23.584137
24.139835
17.053667
27.727405
14.497506
26.684316
13.915685
18.538555
19.335978
19.963959
25.591034
26.718470
29.550141
28.630141
28.618393
29.781149
29.979037
31.609730
29.258513
32.819229
25.727302
32.897138
28.372679
32.371356
29.811770
33.503215
26.848525
32.978185
34.746452
21.816514
27.609056
31.463279
29.974241
24.037423
30.345227
25.509564
18.291671
30.086548
32.097805
30.425215
30.971853
20.661119
36.128085
37.479429
30.470350
28.899525
35.276396
37.555495
34.870780
21.016718
33.983431
40.165205
41.414476
38.062487
37.284407
42.713723
45.638966
45.658123
43.934674
44.415541
47.573987
49.476828
49.642897
48.312126
45.456809
41.734063
36.731953
30.151401
40.602114
46.930335
49.564516
49.115304
45.574103
35.250703
37.847518
44.642069
45.392583
42.518295
34.472616
37.860656
41.709019
41.138722
38.997569
36.577186
36.055199
35.764332
33.676355
31.156651
28.437005
32.607376
38.557708
41.217525
41.570798
41.213416
41.785097
43.051460
44.133927
44.926841
45.648652
45.855666
45.817317
45.002390
44.638092
44.209899
44.066244
42.806623
41.638061
40.461819
37.771862
34.489375
32.027797
30.392342
31.024954
30.265951
35.820619
37.207844
37.086077
36.761068
35.234521
34.333126
34.953552
31.251072
30.481668
30.545790
30.898597
28.216083
30.374611
27.984594
33.951870
32.858297
35.414439
35.926397
36.551464
31.361968
29.859617
31.634733
29.023893
31.170050
36.094564
33.716140
37.246211
34.834856
35.888334
33.930862
38.024840
33.668050
35.633595
27.818688
33.424290
28.271680
34.476860
34.171792
32.654872
34.609152
30.425606
32.989233
29.118013
34.016197
26.584620
24.548667
25.415476
32.588947
26.992043
29.900861
30.409359
15.812974
25.029882
27.965517
16.852582
28.090079
14.607390
29.159365
22.435685
24.676056
21.479498
31.441162
25.330706
23.664911
20.748752
28.075846
31.283893
31.524015
28.531588
21.122749
27.865358
36.410821
39.701122
37.410364
33.598682
36.115169
39.451879
38.687148
33.121372
26.043277
19.276818
21.499599
31.411216
36.707183
38.243425
38.867380
37.071340
29.448614
32.499596
36.261174
37.626595
35.468537
23.983501
25.809687
28.702246
27.444233
25.088857
14.509994
22.980585
19.364470
14.538519
23.193118
22.768190
29.317337
33.982743
34.842083
34.083294
33.749095
34.034630
34.778163
35.098272
33.476752
30.667664
29.805418
31.492841
31.772025
30.926778
32.121199
31.693204
21.380524
29.697951
29.847122
22.462803
16.835943
10.307042
18.436675
26.223686
25.127850
30.318691
33.069064
30.568840
28.603634
30.047522
25.140546
26.517737
27.661883
22.850605
18.876448
19.548715
12.228442
20.047163
23.212381
20.164858
18.537004
19.668870
19.422912
29.510836
28.977085
28.494873
32.305371
29.677713
26.516046
26.667125
26.738832
29.283436
25.913928
27.552818
27.664098
17.646586
23.806433
24.930183
26.893701
29.627336
30.070749
30.727459
29.711844
19.421791
28.145209
27.748446
15.391532
15.982960
12.178686
21.870761
24.678399
25.419097
22.740806
26.890480
20.272522
19.472512
21.224395
17.207650
20.766572
24.302212
16.151584
17.749007
17.499810
7.940571
20.898223
18.046712
18.718703
28.999678
28.781757
27.601148
23.406706
30.380690
29.553195
28.057922
20.430700
25.561817
31.384193
30.811754
24.349031
20.275592
25.977485
25.804554
17.429561
25.384368
22.007576
25.152454
20.560544
1.663005
21.221884
27.151187
24.960819
26.603812
29.705523
26.699792
18.409932
15.104362
26.793279
30.631037
31.204504
28.670373
27.779653
29.403538
29.647613
30.016070
30.514951
32.275380
31.117757
32.011839
31.147457
25.845196
13.963482
19.664857
24.820754
23.364962
22.135742
16.084726
13.695870
23.521686
30.315830
28.681473
22.533354
28.364974
24.258194
13.974284
15.922926
14.717002
19.022819
21.913636
13.982007
28.753872
25.766440
22.974943
25.555943
20.183681
26.467716
24.504957
19.094452
7.418417
27.752445
25.717257
18.915566
28.205622
27.056547
21.031736
23.642489
25.620378
25.133057
26.532943
25.543806
21.543442
25.751472
26.992326
27.182721
23.273903
16.155637
15.920203
23.039916
17.275329
23.938213
14.586033
27.821875
29.215859
26.591011
28.632642
27.146295
22.548706
23.439684
29.580268
24.472023
19.584248
15.859170
24.374408
24.352912
12.948516
16.721641
16.950971
24.027885
21.884607
20.680981
27.527805
25.385292
25.539529
25.300710
21.723152
27.202210
22.272034
21.519091
26.273004
24.893145
23.729895
24.219891
12.774551
26.424449
31.015546
32.170544
30.735980
17.879222
29.646685
29.318193
27.306100
30.064798
26.897958
28.918163
29.554317
29.481329
30.761911
30.597059
27.107058
21.061068
25.742002
30.790355
26.137763
25.216085
31.265726
28.424234
20.922860
27.674096
30.282552
26.448931
27.172562
31.343666
30.302302
22.977324
5.107061
4.016802
21.364688
27.393183
27.649918
21.504258
13.461643
17.474915
-2.009872
20.680451
24.273771
26.226989
28.044097
25.692553
22.060980
24.849845
27.990245
28.459859
28.011928
26.971956
27.674664
26.753142
26.363593
24.793695
20.267991
12.052184
19.752993
18.034415
17.323029
12.986006
20.075119
21.363053
26.626755
23.774545
16.339251
20.364651
26.569610
27.675042
23.946408
26.756766
28.976194
28.838506
27.856983
24.942828
26.150719
27.840968
30.509971
30.177747
26.947984
27.903899
29.641793
16.953330
26.543411
28.429533
29.425648
30.744043
27.942730
22.311416
17.962965
13.683406
10.133673
23.059343
29.615532
30.912831
31.601212
28.759873
20.407025
18.669305
24.535005
21.709119
17.696453
12.165644
18.396852
22.437302
14.107777
23.028826
22.732553
23.675800
23.584163
21.573996
28.155593
23.812612
18.867037
27.114658
25.813185
24.984259
15.679144
21.120454
20.911923
23.774549
21.682161
22.568266
27.813111
23.381504
7.206261
27.154312
30.044035
31.166394
29.297349
23.781555
23.695077
21.880294
29.870878
31.109030
27.851157
28.622638
25.496768
24.369834
26.353269
26.487102
20.803064
21.985520
26.363865
21.811306
9.666872
13.140011
11.346430
14.132330
20.977794
13.757661
16.457962
22.361607
23.152771
10.646625
25.377965
20.557127
15.085909
20.220105
24.062717
17.957340
24.240687
23.207785
14.944755
20.582059
9.186885
21.643412
25.823602
23.982256
15.161978
14.349572
16.044905
6.697010
23.569648
26.684937
26.756111
28.763609
27.167774
22.967813
20.622973
23.778265
23.894233
20.252901
20.184713
23.544159
25.657159
27.492581
24.629696
18.237854
17.674121
24.630104
27.057490
30.273576
30.421225
25.723386
13.184622
21.884747
29.619094
34.277978
35.105113
32.298516
27.539825
22.302379
27.913730
31.804499
29.176123
21.222651
27.829959
29.711101
29.007324
24.413911
16.361687
20.503646
30.418087
33.925717
31.179802
22.944181
10.665430
25.359457
30.454124
29.693084
26.741608
24.677641
25.551622
23.662139
18.604920
21.574991
17.330867
10.344644
27.694530
26.463999
14.237231
14.709343
16.136903
24.957069
27.327481
19.610794
20.918690
9.819430
10.547319
25.320669
22.069973
22.719240
24.893820
1.415775
25.421297
22.255731
19.450777
22.311641
15.848016
24.188970
28.330942
32.116183
30.142074
24.912386
21.940524
23.257600
26.160838
30.405266
30.766253
27.408671
30.118112
30.255620
26.351058
29.815655
29.953972
21.484499
21.109233
16.037000
13.309852
19.639649
21.387076
28.515614
30.366642
29.783709
27.787464
30.391938
29.317006
32.066826
30.578203
24.779895
28.631464
30.577064
29.161014
29.179316
26.914765
14.159797
21.802532
17.210466
13.561447
19.801986
21.470655
23.448227
27.554527
28.640381
30.543978
31.809671
29.114773
30.056653
25.504240
20.352671
23.688419
21.853116
15.703088
19.715968
24.907523
24.010041
22.050997
24.271146
28.615268
30.320542
29.557267
28.161051
19.187121
9.021574
12.877295
25.392364
26.189980
27.871444
28.487459
9.193189
26.823168
29.176931
32.368300
31.167218
28.481182
14.348977
25.850346
29.374524
29.068975
25.519922
14.089800
21.707309
17.750921
14.587078
22.518450
16.227681
16.957914
24.981822
21.918966
28.141672
28.400439
17.839798
16.091394
21.077636
24.077691
27.827297
24.037690
25.318022
25.602402
25.459936
23.817197
23.609611
23.598497
27.296311
21.212200
25.418290
28.954286
27.189465
8.301455
23.112681
16.973469
25.691195
25.080905
25.957316
31.121787
12.419520
26.727761
22.957448
20.324826
27.602838
13.042871
29.038504
18.758285
25.079752
22.456112
22.623902
28.001660
15.750396
25.210417
28.779252
23.996901
34.492490
24.753542
34.696306
29.277376
26.566594
29.213236
28.072023
32.125459
35.704886
15.823396
30.541601
22.033045
33.944209
31.384791
22.163581
32.002833
16.595322
30.278910
23.549926
27.274985
27.726884
23.890651
18.929080
27.620596
25.610445
33.916826
29.839599
29.679639
26.657202
30.113333
28.331512
26.174574
29.524875
17.843174
26.319311
29.547471
15.926955
32.068334
27.040969
23.505189
26.720395
30.179600
25.219641
28.942787
22.796027
29.813540
28.179340
29.016548
32.892750
20.451019
22.417969
18.501250
30.518024
32.639342
27.648232
22.666976
24.564658
28.139616
33.809511
28.591189
30.068097
30.916058
32.124357
35.389922
33.440191
27.511809
30.214548
34.719182
36.167960
36.778183
37.938598
38.747004
39.465787
39.277364
38.649521
36.559199
27.994139
25.860325
28.904865
33.513339
38.391717
40.832078
41.698616
39.630819
32.339444
31.896927
35.977954
38.869774
40.041874
36.522328
22.129647
30.885387
35.236528
30.475788
-1.080306
23.187961
27.760131
31.534239
30.289862
27.717340
21.207785
22.186256
30.384282
29.682044
29.676584
19.996267
27.422094
25.785198
19.908046
28.118901
23.348017
32.105982
25.811989
23.478792
25.759891
5.453708
25.354637
24.838973
12.016820
26.619340
21.648760
29.146779
30.436603
31.507336
35.484953
31.323529
36.634473
32.288855
35.492286
37.209054
34.565976
39.712718
37.043285
36.689009
36.654974
31.372026
37.128488
30.942061
37.271789
34.848235
32.580052
35.869094
32.779618
35.258684
26.584406
32.693898
32.991569
24.714247
31.769693
31.292972
28.419012
29.911132
30.267054
32.853625
23.916720
30.696409
31.020256
20.560495
31.198319
22.883067
27.741839
23.418098
27.187277
30.110843
20.527649
30.379687
26.332517
14.711388
18.125884
25.086111
26.725173
24.031743
15.351298
27.171485
23.297480
30.592787
34.512799
25.160828
27.162002
26.114943
29.041018
33.700910
27.734234
26.286625
21.981843
30.060158
34.514438
28.533558
30.682408
31.427551
21.215020
35.239730
36.187345
32.899989
31.106314
19.289501
31.663043
33.354599
31.875898
27.887503
22.065528
36.623522
38.442856
31.105170
31.321877
36.649290
32.162040
23.564675
20.500456
32.430632
35.351288
33.406551
28.263216
35.912803
37.074377
34.029137
34.857814
34.697429
21.851844
32.332101
35.298996
31.482544
12.954235
24.552910
24.264840
22.507022
20.741055
4.721784
22.135202
26.182675
26.669725
16.853354
22.976033
23.823944
24.055131
12.433597
14.167285
17.602326
18.300065
24.633202
23.203695
25.250142
28.971991
24.137949
13.179360
23.380749
23.970020
26.082431
28.338709
29.777303
28.708554
30.108473
26.707981
29.850908
31.150125
26.022324
29.528350
27.456783
29.820214
32.902327
30.675838
32.745878
30.884701
32.117967
27.374516
29.895636
29.221950
26.779092
30.178834
24.008154
27.498019
29.697970
31.732659
28.659328
27.129320
30.448180
25.114423
20.143562
20.970986
25.492259
24.763739
23.794986
18.223753
21.133917
21.400100
26.313346
28.482864
25.010486
30.935169
29.772151
29.778692
28.530095
19.326740
27.750986
24.501071
22.801499
21.113743
23.916064
23.967215
26.550270
27.098022
31.340088
30.393993
28.569053
25.023823
20.922076
25.931856
13.309464
19.233424
10.086003
29.392596
31.778238
31.530254
32.899070
26.513574
29.406978
34.582075
34.195720
37.413611
36.430726
26.381124
29.458511
34.534878
35.847498
34.718538
25.291137
31.151054
37.309367
37.010331
30.629431
23.923878
32.376501
33.623572
28.829228
34.819348
35.579741
30.066782
22.507723
21.778809
25.654464
29.909563
31.632515
32.433357
34.271587
30.205867
22.420434
31.995598
31.507911
29.814786
28.352012
27.081019
29.298970
28.405764
25.254046
7.660576
25.993880
28.558851
26.953384
24.498888
25.253153
28.078020
30.613695
29.425556
25.516633
28.437881
29.380861
28.392008
24.891443
15.377282
15.965452
23.904260
29.877143
29.995975
26.314533
18.781541
26.823582
31.920127
30.197538
32.601353
34.063063
33.547817
33.769887
32.777725
33.137056
33.521501
33.031296
31.841338
30.804963
27.571023
26.450298
24.360290
27.638435
27.048829
23.103802
25.626989
30.200258
25.910465
27.724889
30.139810
30.610858
28.911578
29.975230
28.574302
28.743813
24.889233
18.743069
24.289275
25.243864
22.081882
23.537845
23.281326
27.834856
26.645319
26.170279
25.424243
28.033364
28.357939
27.485745
27.336933
26.999428
24.605725
23.405477
21.366212
22.728384
20.214880
8.287364
24.079805
26.158383
17.257554
19.899072
17.772381
25.640448
28.406207
29.384804
28.236270
27.709527
30.697301
33.070830
33.125729
28.961183
29.976249
33.089386
31.725847
31.117402
30.010548
27.771898
26.382533
29.515000
33.146420
31.636687
27.986522
30.147253
29.110890
29.849162
32.279472
32.496018
27.712473
23.614314
26.018090
14.886046
25.286884
30.479402
27.742792
19.933600
21.279048
25.885149
25.153279
20.714746
22.205751
22.298297
20.791279
21.584367
19.837402
17.582054
18.857252
19.556768
17.081185
21.615513
26.693346
22.717267
12.760222
18.831198
9.557083
21.894997
23.219113
17.018010
7.122012
15.618813
20.458612
18.749802
18.327958
20.754573
12.675979
24.014865
28.324154
21.926484
23.169380
19.946152
20.148876
23.000557
25.098725
25.487138
25.795469
27.352437
28.794673
26.735591
23.155461
22.505803
23.110773
19.762315
14.203449
21.267055
21.864064
19.106766
22.421887
20.742527
27.732401
26.667614
24.915298
23.991696
24.170927
21.369785
12.301371
20.269164
26.592832
25.457210
22.377845
24.929944
28.814790
27.436365
25.958008
23.850311
22.489963
20.750339
8.490369
17.757233
16.801682
21.858710
24.564916
23.282711
23.807631
26.105176
27.321884
26.207051
26.084097
21.563615
19.576349
21.612639
23.055800
22.018130
18.463764
27.275544
21.712460
27.679801
24.823374
21.825469
13.612486
19.252419
26.812390
27.993444
23.099506
18.595800
14.414745
21.858266
24.370655
28.156255
26.967828
27.748175
23.554835
24.517980
27.448797
20.432240
19.269130
19.710736
8.047567
14.443354
19.756185
25.448203
24.693696
18.962345
26.510406
30.432297
29.476461
24.834453
19.996343
24.148758
31.066117
34.338652
34.482640
33.889904
31.799498
30.664432
29.911596
23.583892
18.582312
26.024009
27.961966
31.343540
32.515289
29.135415
26.856786
24.653260
16.324646
20.219675
24.923341
22.893977
20.289061
23.592640
31.092186
30.744935
26.981441
29.197652
27.610422
25.993194
26.649904
28.190798
30.715094
28.838368
16.096698
18.014596
5.732541
25.390481
25.535077
17.840655
27.457056
27.502133
23.141018
22.433208
25.964850
26.346956
28.634015
30.410613
29.977514
26.458642
25.310352
22.306681
24.950674
27.772781
27.717391
28.315354
20.059368
22.020332
19.843726
18.110745
19.482015
13.480680
17.220828
24.604120
25.589035
20.865371
20.668956
5.978321
21.220150
18.034053
25.173382
23.939787
19.973867
28.065798
23.980892
24.052277
17.965922
29.291438
28.964797
24.591956
21.644521
12.073374
15.870857
25.175114
24.147418
23.811531
18.024387
21.813179
22.072731
17.670315
19.671110
20.493211
17.472642
22.932632
25.257051
28.167499
21.914339
28.014306
21.266254
25.209547
8.026187
19.107906
21.389401
22.872379
22.168827
20.329812
17.712913
20.586662
22.921485
25.045836
9.827815
26.178077
25.113488
13.506723
15.743835
16.830352
20.477578
16.049945
-1.027274
16.138656
15.236707
12.804411
7.288666
17.597750
20.986397
21.728301
16.469052
11.936692
8.440783
12.477096
8.556015
16.717567
21.189980
24.998414
24.630587
19.875716
21.767081
27.667526
25.174379
24.621922
26.113336
24.565894
19.905810
15.355799
24.085766
23.405247
20.845981
15.786037
15.382354
22.357655
24.104811
21.460166
-1.775809
19.353055
25.789960
24.901976
22.236804
28.408677
29.227739
27.563967
27.261132
27.489440
26.965980
15.397373
23.781322
24.643118
22.486410
23.129018
23.119413
23.158219
20.127690
23.274755
27.090047
26.134478
20.870088
12.139187
22.439195
20.956155
20.040839
19.265903
8.982724
20.150860
24.778322
26.755244
25.380453
24.765535
14.018593
21.351608
26.507182
25.002944
21.542894
24.453237
23.332259
19.133670
22.806663
26.567446
21.687803
6.943389
15.255015
17.034544
16.320878
22.155947
24.606103
21.050768
18.239611
15.139734
18.794631
17.924962
20.600722
18.972206
21.351705
17.541967
20.879897
19.460331
21.665086
21.956010
25.956394
28.811825
27.063998
23.489525
16.599681
14.982427
20.714966
20.515885
25.213534
24.317651
19.886004
23.802658
15.951145
19.743426
16.041770
18.036394
22.090825
23.878151
29.306683
26.054902
18.563300
17.110809
19.717124
20.087057
16.157176
9.122225
10.619769
17.476027
12.223431
8.885301
20.666823
27.297671
26.256921
7.829689
22.973230
27.543364
26.897315
28.840870
28.169418
23.903323
17.662365
11.145771
8.664496
19.999050
23.673488
27.565718
29.904672
27.745436
20.920249
16.010246
17.471432
16.594944
25.005414
28.904252
29.061826
28.446791
27.264796
22.174786
19.774033
18.133519
10.961713
21.280922
22.502664
9.665224
25.114081
26.234999
28.473186
28.398097
23.364318
19.432666
8.841760
18.731257
20.653320
18.472299
25.610880
23.731094
14.625809
22.596223
22.004675
12.202565
20.391909
19.774004
20.289872
25.312122
25.125249
21.627583
26.686128
27.990064
25.825840
25.790633
25.547370
19.538484
20.149144
17.413115
23.014580
19.112268
12.444432
14.832512
14.064340
3.644957
13.347338
18.978006
18.816018
19.888420
16.937939
10.605816
19.867135
19.550026
15.129006
23.627428
21.843492
19.133936
15.108512
24.968676
27.297545
22.528044
10.980178
22.191624
25.103557
18.923010
19.790268
6.488773
22.180478
26.375516
29.155891
24.921737
18.192610
22.633640
24.951318
19.043569
10.447241
21.347546
22.239523
20.775423
18.577472
16.595715
14.107136
9.690081
12.433438
20.255094
20.533507
11.964315
4.399960
12.601186
18.286087
21.345118
14.519673
15.239454
8.095528
19.879865
13.249227
13.517048
17.774668
22.210551
17.279154
18.249496
21.855153
22.103154
12.544883
-0.343455
16.349004
20.185016
17.637214
23.299796
25.065179
23.957903
24.974130
27.558261
24.227368
15.107634
-3.994373
1.418632
13.620849
21.635488
24.689491
24.351109
24.052309
21.821582
12.380920
21.912581
13.684667
22.577418
21.953376
26.225539
26.534166
15.163856
15.687274
14.765721
18.848651
19.361830
18.880419
18.208306
24.170731
21.924340
25.603724
22.440572
27.928731
27.100024
22.163794
20.903394
18.439064
19.887557
20.617774
21.040315
21.142061
21.262020
20.948208
17.784182
3.874264
12.961103
12.668226
21.661893
21.728228
22.222314
24.571526
26.094937
24.109276
21.636944
23.239443
21.122760
17.238841
22.371960
27.620403
29.438307
24.258366
21.184189
28.600419
27.172027
22.829895
26.945670
27.912311
28.830687
24.044698
21.544174
28.763978
29.284328
29.156426
31.069806
27.950019
13.376175
26.522960
28.092230
24.793337
23.972399
16.572108
23.409420
23.489407
20.800680
26.657992
24.291010
21.691290
20.585724
23.638516
21.385296
19.454446
20.528182
19.977112
25.272756
18.155873
15.417031
16.714928
20.174931
16.845560
11.775459
20.404042
14.737837
24.428287
26.105103
23.881981
25.530235
24.650108
24.285972
26.058306
22.578963
-5.240175
19.154483
18.825781
17.479879
23.581539
23.467485
26.988962
27.084177
28.190936
22.683061
25.132618
26.280852
17.412256
22.422024
14.223597
17.223967
23.074882
27.927916
25.369232
28.513839
29.471761
30.942882
30.779307
28.935839
27.332705
25.533234
23.318471
24.681395
25.599774
21.513336
18.001071
21.968426
23.077690
26.114919
26.490434
24.774771
30.182297
28.683889
21.718612
21.778820
23.803171
17.482505
14.835048
20.541941
22.394279
15.347403
26.044659
24.400106
17.683862
22.778123
11.720012
24.605153
18.801311
17.366132
20.882462
15.760968
22.118034
26.082228
22.565588
13.725301
20.084232
25.778297
25.692453
25.585829
17.606030
25.673820
30.867367
30.786084
28.395305
25.590118
19.310225
25.174135
22.004597
5.796087
19.161516
15.154881
21.594885
21.033343
9.276808
26.965704
29.503970
24.090476
22.858557
20.701225
21.174269
18.539540
17.260106
21.588645
26.369116
30.559445
28.342977
18.417544
19.449148
23.468448
17.161680
26.621977
28.334928
26.320790
29.059769
26.955668
30.417014
30.190035
26.677422
18.504971
25.784013
28.097813
29.515724
28.303950
22.559386
28.667231
28.409185
29.350514
23.356986
25.955568
27.259631
27.459782
27.978131
32.057237
27.633482
24.133282
26.076346
28.409374
23.657615
22.510660
26.435629
24.422774
20.225781
18.799367
20.770544
18.127233
11.100500
21.886756
27.084479
24.605326
22.862542
24.561365
19.430680
19.932307
22.164333
11.640253
19.817133
15.902114
26.827225
24.283458
23.557678
16.990630
14.800898
7.998531
9.507383
6.881548
11.452910
15.892752
17.281584
21.102266
23.548486
23.163210
26.102300
28.930207
28.963639
29.148073
29.052771
26.321137
28.532146
27.850998
25.226098
13.361496
7.649695
3.242033
11.923657
13.056524
4.939350
21.530410
24.589973
14.282037
24.326666
25.454485
21.738220
12.949004
-4.357153
20.489648
30.276785
32.272042
29.811126
26.891105
21.036506
13.609330
21.756093
23.016259
25.790800
25.512045
23.581892
22.282981
19.478952
23.121144
24.361912
23.432159
12.105319
22.978698
28.061875
29.037999
25.942711
25.408433
32.688597
32.126152
26.097655
27.534849
27.243886
18.410000
14.985437
13.255809
23.175671
26.690211
25.322176
23.526533
28.262069
30.016800
29.573554
30.068244
28.872932
28.137413
31.204611
30.514943
29.560243
30.377939
26.620501
4.944919
25.257273
23.227085
12.302804
25.936841
30.218658
33.042512
32.327750
29.339128
25.338050
13.415712
17.124908
26.292231
24.987493
18.564768
27.989556
28.201689
29.689971
30.996894
31.586229
32.343522
29.490815
22.326866
15.704307
22.189382
20.703995
26.356941
28.503439
24.905306
22.939727
28.330258
26.349759
25.643046
23.545811
23.770375
30.997170
32.051577
32.677859
28.341016
30.389953
31.579714
30.153586
29.754186
30.118166
25.398792
20.008085
21.719392
13.165189
25.146269
27.414447
25.221079
26.572436
26.373968
27.493854
25.232879
27.506159
22.831153
27.957755
29.985722
30.672747
31.780532
32.827877
31.560352
29.386286
26.337763
27.693557
26.535551
22.321262
16.892116
8.201689
25.119554
24.239928
22.622170
28.988231
32.696176
33.824111
32.211824
30.631270
28.454628
29.089647
31.038185
35.792362
37.121321
37.476864
36.875345
34.092624
33.199570
34.235470
33.524422
31.156864
29.316600
26.548404
19.683069
16.788208
25.927686
28.950240
30.100380
27.225328
26.011441
27.947005
27.020937
27.767105
20.025070
28.230555
33.546524
35.833687
35.371670
29.900313
27.951720
38.213498
41.876996
41.702938
37.896091
29.928847
18.857454
23.739245
34.023762
38.343279
39.940737
39.480829
38.462609
37.687069
36.518379
36.138818
35.220955
33.868910
33.430261
27.135992
32.077168
36.841885
34.214422
28.469396
29.501228
34.865926
37.183495
35.411107
31.143761
29.443578
33.434166
34.629512
30.621350
26.246155
25.044168
32.897649
34.166472
31.912541
28.793873
23.983157
8.343748
25.705851
29.167158
26.208183
25.729697
28.405536
21.043106
23.255309
20.770565
30.252501
28.519603
12.711794
25.198072
20.043331
19.231903
21.958050
21.440168
17.726451
25.951349
28.317498
20.156593
20.463308
11.596451
22.380437
27.732279
27.196086
23.073664
24.797420
29.359218
26.252968
31.039344
24.659163
25.195620
21.970018
16.498470
27.559165
22.740042
27.270864
27.082695
22.157412
26.640211
24.562614
12.992807
24.009061
26.325768
22.858375
22.776045
16.045995
14.320746
12.458422
20.314195
23.811644
16.725469
21.096757
23.121919
19.750131
23.630069
24.521963
13.958210
16.170402
24.846384
28.140021
29.401668
25.733689
20.564022
25.291644
25.605911
22.928203
22.449169
20.706649
18.426505
20.229557
17.549787
23.172200
26.608447
25.904356
24.028034
10.070241
26.534373
24.547309
18.650918
12.769806
14.634214
23.273851
25.598065
20.585372
16.583282
24.271182
28.817728
29.154777
27.853805
26.778455
17.206774
26.556821
31.400493
31.316663
28.005786
26.105691
25.042540
23.242644
22.470365
21.529032
11.968446
4.020676
23.799111
28.512604
22.942611
12.023460
12.388411
27.742208
25.466031
19.272831
25.788337
19.472254
20.219505
23.062617
6.552376
17.872559
19.149601
22.662879
19.841948
18.501842
17.450336
28.169428
31.013170
27.608799
27.098343
23.749987
24.368683
20.450263
20.392038
27.931812
30.728817
29.336387
19.693563
24.169897
18.304671
22.482631
20.298934
15.372501
14.983091
24.449240
26.423777
17.839303
17.977126
17.724685
22.988153
25.080867
15.043545
16.030211
14.666061
18.667238
21.773867
18.783294
24.671898
23.454935
20.393041
24.307902
26.120365
26.821216
24.293728
16.606249
20.548546
11.775695
14.379483
20.215050
12.360394
15.595756
21.778297
18.225759
26.604591
26.766854
24.628009
23.206357
11.513811
23.208322
21.892305
17.204964
22.306986
25.780048
26.706366
24.580914
25.907012
14.867110
27.978185
26.788008
25.574384
30.436993
29.948094
33.021082
28.357752
28.051971
24.669110
28.408733
28.734920
23.692601
22.737557
24.869206
28.115013
26.263204
22.329104
26.720289
26.271242
16.075521
14.334669
19.364220
26.084520
26.107821
25.276125
21.842525
24.826160
18.683055
28.322836
31.260465
22.001019
27.338084
31.439125
31.416447
31.385147
32.792344
31.673914
21.322621
28.256678
34.155810
33.615602
29.034901
28.829823
34.459080
36.464063
34.616767
30.675691
27.834337
31.359083
35.340277
32.964019
26.365020
19.728471
27.066758
29.943251
26.478996
31.191860
32.095015
21.225104
26.959127
27.590756
17.496098
21.443083
26.531782
32.930495
33.187379
30.693940
29.648808
31.454357
32.194262
30.717296
27.667705
31.421630
35.154741
35.209049
32.511033
26.090280
18.416417
30.649017
32.579239
30.446638
20.631896
25.471371
32.477197
33.154845
31.196888
29.736939
26.577352
29.423068
28.857461
29.750225
29.134787
25.127879
28.255107
24.439313
26.365064
29.990517
33.063147
29.773393
26.131194
21.393864
26.813056
28.380922
30.526454
28.723156
21.599580
21.968425
18.490521
20.777753
23.359292
18.114747
26.295713
28.475538
24.444122
13.958354
18.057109
18.014201
21.472442
10.082278
9.341966
19.419236
14.162585
23.753118
23.170418
22.536167
19.042730
4.972720
21.323822
24.818249
19.903093
14.527512
21.252058
21.444974
25.491352
25.968686
20.562617
3.224212
21.531234
23.335363
25.147379
27.785467
30.291903
31.374035
27.799720
10.656813
24.906356
21.456251
22.920598
20.055048
18.330066
24.009625
24.274013
18.172390
20.110143
20.950499
16.037360
13.731907
19.834998
28.812223
24.282538
26.821549
31.291040
26.577911
13.806756
4.952198
14.151309
12.343695
20.719359
25.822022
27.140536
22.852489
20.887565
11.780917
24.818390
26.833394
27.583921
19.511366
20.425669
21.812788
24.003767
17.438937
21.555416
17.723690
16.288504
23.390188
24.651515
11.219230
22.956612
19.671045
22.463905
28.231661
28.523603
26.838411
26.319928
22.281650
18.768690
22.553255
25.292370
24.672719
22.282105
21.676910
16.652127
17.846813
18.636998
8.217279
18.453290
5.916600
19.490344
23.888733
9.871861
26.731299
26.160829
18.591866
16.547299
18.990009
25.440585
26.486705
27.386132
25.713973
17.180843
11.047059
18.508410
23.750510
22.738739
20.444920
18.421369
14.129189
19.260923
20.305303
28.300193
26.080882
20.586572
24.060923
19.082884
26.562295
25.749944
23.213134
19.878729
18.305780
14.946411
21.292979
15.925448
23.748905
8.827817
26.510812
23.507240
19.023460
22.158373
20.240348
20.821325
22.375059
22.805531
22.287761
23.747585
24.651139
27.027840
26.062713
22.998376
25.057137
18.489227
13.947076
22.245446
21.054976
14.911258
23.143042
22.970714
23.544272
22.828082
13.396692
20.131723
25.685733
22.838815
25.011486
15.394782
20.891080
20.016834
19.285910
19.871359
24.768811
15.881844
24.469905
19.058469
21.525331
3.377302
21.651576
27.122089
30.562390
28.504433
28.653266
30.190816
29.990956
26.595761
25.906489
25.179129
23.094243
19.086070
13.420880
13.727092
16.539859
23.493665
27.883385
27.364709
26.544634
24.368592
16.672292
21.738615
25.715770
28.946592
30.467819
26.198505
14.083133
22.622636
21.896424
24.199527
25.075962
23.783909
25.003304
26.003953
25.415728
25.116996
23.827699
21.693848
27.044012
29.581103
25.911584
19.286701
23.141176
19.876143
26.012506
29.092522
28.790009
24.684168
16.187053
7.652872
18.818776
17.295528
19.163076
24.563533
24.707151
26.118770
22.468074
18.846162
24.372362
25.488479
21.277644
16.985144
18.644089
16.981981
20.428892
24.927194
20.730802
28.536621
32.542061
28.264929
23.516478
21.093739
11.144060
22.872249
24.621721
10.990311
27.268233
24.074675
17.653482
16.931818
25.324457
22.940536
8.751274
18.347785
12.439819
16.385431
19.586355
22.968977
21.982462
12.542843
23.671906
19.555139
7.831222
19.306155
17.916052
14.920558
16.553585
20.601840
21.747252
23.419163
17.252532
22.976528
15.609840
14.377172
13.802583
21.626079
17.254080
16.488758
10.941530
18.488915
18.752293
7.663330
20.665110
21.019673
20.302843
25.338531
24.277317
25.782102
22.375027
28.393289
27.538555
23.569176
20.802414
13.659186
22.406179
12.687662
24.060981
24.880101
22.939952
23.920840
24.128300
21.932562
14.798726
13.362540
20.551111
23.350659
24.353553
19.751310
12.329810
19.367830
20.156879
20.738151
21.142002
22.719825
25.693136
25.295348
20.476861
18.676069
24.604249
23.427114
17.965180
18.959829
19.317399
7.660300
22.845089
25.750670
21.102053
7.493526
17.996208
20.839703
22.601770
23.132849
19.644145
18.489709
21.917005
21.345336
16.968361
16.959734
17.163854
9.033112
15.267554
17.532215
13.493455
19.955691
20.150382
17.508253
18.064169
19.992985
17.759180
16.840503
19.304220
24.598973
24.247155
22.901012
11.646328
19.880519
21.732755
16.330402
14.873084
16.135811
12.571623
17.587229
18.838923
7.860632
17.499004
21.506784
22.314020
17.077102
-4.152949
3.519572
10.983349
12.682817
16.821667
23.521211
24.249121
14.449938
22.555819
23.920311
23.621546
22.113834
15.950900
13.276591
23.129118
26.519401
23.002330
24.173137
23.973556
25.875520
22.693592
20.095490
16.455488
16.758435
6.028908
10.874442
20.191491
16.485569
16.080842
20.746616
15.612348
18.899629
17.904459
17.569546
24.291765
16.830853
24.710050
19.750832
18.006932
7.068193
18.102956
15.046492
12.003571
13.959432
12.523229
20.897125
25.880351
20.752832
23.909982
14.619052
-3.210389
19.917613
21.836106
25.314651
23.008968
21.561791
13.476933
22.486105
24.273725
23.494175
27.185269
27.939031
29.106801
27.485440
23.680561
25.522437
15.789470
22.706762
27.482210
24.465983
19.085219
15.045100
19.245710
15.428525
20.423379
13.226365
22.724480
20.972019
20.212935
15.558801
13.271618
19.855722
22.470487
16.679797
17.515420
12.982044
7.723619
13.324634
17.987305
18.696804
14.319565
22.801293
22.030679
17.715437
3.764282
19.125787
22.773054
23.102902
19.766813
17.468585
19.962342
20.365689
19.870439
20.300754
18.996068
22.033423
26.106326
27.161188
25.799278
19.406385
13.331414
17.360545
23.573340
22.614109
19.362932
22.614109
23.573340
17.360545
13.331414
19.406385
25.799278
27.161188
26.106326
22.033423
18.996068
20.300754
19.870439
20.365689
19.962342
17.468585
19.766813
23.102902
22.773054
19.125787
3.764282
17.715437
22.030679
22.801293
14.319565
18.696804
17.987305
13.324634
7.723619
12.982044
17.515420
16.679797
22.470487
19.855722
13.271618
15.558801
20.212935
20.972019
22.724480
13.226365
20.423379
15.428525
19.245710
15.045100
19.085219
24.465983
27.482210
22.706762
15.789470
25.522437
23.680561
27.485440
29.106801
27.939031
27.185269
23.494175
24.273725
22.486105
13.476933
21.561791
23.008968
25.314651
21.836106
19.917613
-3.210389
14.619052
23.909982
20.752832
25.880351
20.897125
12.523229
13.959432
12.003571
15.046492
18.102956
7.068193
18.006932
19.750832
24.710050
16.830853
24.291765
17.569546
17.904459
18.899629
15.612348
20.746616
16.080842
16.485569
20.191491
10.874442
6.028908
16.758435
16.455488
20.095490
22.693592
25.875520
23.973556
24.173137
23.002330
26.519401
23.129118
13.276591
15.950900
22.113834
23.621546
23.920311
22.555819
14.449938
24.249121
23.521211
16.821667
12.682817
10.983349
3.519572
-4.152949
17.077102
22.314020
21.506784
17.499004
7.860632
18.838923
17.587229
12.571623
16.135811
14.873084
16.330402
21.732755
19.880519
11.646328
22.901012
24.247155
24.598973
19.304220
16.840503
17.759180
19.992985
18.064169
17.508253
20.150382
19.955691
13.493455
17.532215
15.267554
9.033112
17.163854
16.959734
16.968361
21.345336
21.917005
18.489709
19.644145
23.132849
22.601770
20.839703
17.996208
7.493526
21.102053
25.750670
22.845089
7.660300
19.317399
18.959829
17.965180
23.427114
24.604249
18.676069
20.476861
25.295348
25.693136
22.719825
21.142002
20.738151
20.156879
19.367830
12.329810
19.751310
24.353553
23.350659
20.551111
13.362540
14.798726
21.932562
24.128300
23.920840
22.939952
24.880101
24.060981
12.687662
22.406179
13.659186
20.802414
23.569176
27.538555
28.393289
22.375027
25.782102
24.277317
25.338531
20.302843
21.019673
20.665110
7.663330
18.752293
18.488915
10.941530
16.488758
17.254080
21.626079
13.802583
14.377172
15.609840
22.976528
17.252532
23.419163
21.747252
20.601840
16.553585
14.920558
17.916052
19.306155
7.831222
19.555139
23.671906
12.542843
21.982462
22.968977
19.586355
16.385431
12.439819
18.347785
8.751274
22.940536
25.324457
16.931818
17.653482
24.074675
27.268233
10.990311
24.621721
22.872249
11.144060
21.093739
23.516478
28.264929
32.542061
28.536621
20.730802
24.927194
20.428892
16.981981
18.644089
16.985144
21.277644
25.488479
24.372362
18.846162
22.468074
26.118770
24.707151
24.563533
19.163076
17.295528
18.818776
7.652872
16.187053
24.684168
28.790009
29.092522
26.012506
19.876143
23.141176
19.286701
25.911584
29.581103
27.044012
21.693848
23.827699
25.116996
25.415728
26.003953
25.003304
23.783909
25.075962
24.199527
21.896424
22.622636
14.083133
26.198505
30.467819
28.946592
25.715770
21.738615
16.672292
24.368592
26.544634
27.364709
27.883385
23.493665
16.539859
13.727092
13.420880
19.086070
23.094243
25.179129
25.906489
26.595761
29.990956
30.190816
28.653266
28.504433
30.562390
27.122089
21.651576
3.377302
21.525331
19.058469
24.469905
15.881844
24.768811
19.871359
19.285910
20.016834
20.891080
15.394782
25.011486
22.838815
25.685733
20.131723
13.396692
22.828082
23.544272
22.970714
23.143042
14.911258
21.054976
22.245446
13.947076
18.489227
25.057137
22.998376
26.062713
27.027840
24.651139
23.747585
22.287761
22.805531
22.375059
20.821325
20.240348
22.158373
19.023460
23.507240
26.510812
8.827817
23.748905
15.925448
21.292979
14.946411
18.305780
19.878729
23.213134
25.749944
26.562295
19.082884
24.060923
20.586572
26.080882
28.300193
20.305303
19.260923
14.129189
18.421369
20.444920
22.738739
23.750510
18.508410
11.047059
17.180843
25.713973
27.386132
26.486705
25.440585
18.990009
16.547299
18.591866
26.160829
26.731299
9.871861
23.888733
19.490344
5.916600
18.453290
8.217279
18.636998
17.846813
16.652127
21.676910
22.282105
24.672719
25.292370
22.553255
18.768690
22.281650
26.319928
26.838411
28.523603
28.231661
22.463905
19.671045
22.956612
11.219230
24.651515
23.390188
16.288504
17.723690
21.555416
17.438937
24.003767
21.812788
20.425669
19.511366
27.583921
26.833394
24.818390
11.780917
20.887565
22.852489
27.140536
25.822022
20.719359
12.343695
14.151309
4.952198
13.806756
26.577911
31.291040
26.821549
24.282538
28.812223
19.834998
13.731907
16.037360
20.950499
20.110143
18.172390
24.274013
24.009625
18.330066
20.055048
22.920598
21.456251
24.906356
10.656813
27.799720
31.374035
30.291903
27.785467
25.147379
23.335363
21.531234
3.224212
20.562617
25.968686
25.491352
21.444974
21.252058
14.527512
19.903093
24.818249
21.323822
4.972720
19.042730
22.536167
23.170418
23.753118
14.162585
19.419236
9.341966
10.082278
21.472442
18.014201
18.057109
13.958354
24.444122
28.475538
26.295713
18.114747
23.359292
20.777753
18.490521
21.968425
21.599580
28.723156
30.526454
28.380922
26.813056
21.393864
26.131194
29.773393
33.063147
29.990517
26.365064
24.439313
28.255107
25.127879
29.134787
29.750225
28.857461
29.423068
26.577352
29.736939
31.196888
33.154845
32.477197
25.471371
20.631896
30.446638
32.579239
30.649017
18.416417
26.090280
32.511033
35.209049
35.154741
31.421630
27.667705
30.717296
32.194262
31.454357
29.648808
30.693940
33.187379
32.930495
26.531782
21.443083
17.496098
27.590756
26.959127
21.225104
32.095015
31.191860
26.478996
29.943251
27.066758
19.728471
26.365020
32.964019
35.340277
31.359083
27.834337
30.675691
34.616767
36.464063
34.459080
28.829823
29.034901
33.615602
34.155810
28.256678
21.322621
31.673914
32.792344
31.385147
31.416447
31.439125
27.338084
22.001019
31.260465
28.322836
18.683055
24.826160
21.842525
25.276125
26.107821
26.084520
19.364220
14.334669
16.075521
26.271242
26.720289
22.329104
26.263204
28.115013
24.869206
22.737557
23.692601
28.734920
28.408733
24.669110
28.051971
28.357752
33.021082
29.948094
30.436993
25.574384
26.788008
27.978185
14.867110
25.907012
24.580914
26.706366
25.780048
22.306986
17.204964
21.892305
23.208322
11.513811
23.206357
24.628009
26.766854
26.604591
18.225759
21.778297
15.595756
12.360394
20.215050
14.379483
11.775695
20.548546
16.606249
24.293728
26.821216
26.120365
24.307902
20.393041
23.454935
24.671898
18.783294
21.773867
18.667238
14.666061
16.030211
15.043545
25.080867
22.988153
17.724685
17.977126
17.839303
26.423777
24.449240
14.983091
15.372501
20.298934
22.482631
18.304671
24.169897
19.693563
29.336387
30.728817
27.931812
20.392038
20.450263
24.368683
23.749987
27.098343
27.608799
31.013170
28.169428
17.450336
18.501842
19.841948
22.662879
19.149601
17.872559
6.552376
23.062617
20.219505
19.472254
25.788337
19.272831
25.466031
27.742208
12.388411
12.023460
22.942611
28.512604
23.799111
4.020676
11.968446
21.529032
22.470365
23.242644
25.042540
26.105691
28.005786
31.316663
31.400493
26.556821
17.206774
26.778455
27.853805
29.154777
28.817728
24.271182
16.583282
20.585372
25.598065
23.273851
14.634214
12.769806
18.650918
24.547309
26.534373
10.070241
24.028034
25.904356
26.608447
23.172200
17.549787
20.229557
18.426505
20.706649
22.449169
22.928203
25.605911
25.291644
20.564022
25.733689
29.401668
28.140021
24.846384
16.170402
13.958210
24.521963
23.630069
19.750131
23.121919
21.096757
16.725469
23.811644
20.314195
12.458422
14.320746
16.045995
22.776045
22.858375
26.325768
24.009061
12.992807
24.562614
26.640211
22.157412
27.082695
27.270864
22.740042
27.559165
16.498470
21.970018
25.195620
24.659163
31.039344
26.252968
29.359218
24.797420
23.073664
27.196086
27.732279
22.380437
11.596451
20.463308
20.156593
28.317498
25.951349
17.726451
21.440168
21.958050
19.231903
20.043331
25.198072
12.711794
28.519603
30.252501
20.770565
23.255309
21.043106
28.405536
25.729697
26.208183
29.167158
25.705851
8.343748
23.983157
28.793873
31.912541
34.166472
32.897649
25.044168
26.246155
30.621350
34.629512
33.434166
29.443578
31.143761
35.411107
37.183495
34.865926
29.501228
28.469396
34.214422
36.841885
32.077168
27.135992
33.430261
33.868910
35.220955
36.138818
36.518379
37.687069
38.462609
39.480829
39.940737
38.343279
34.023762
23.739245
18.857454
29.928847
37.896091
41.702938
41.876996
38.213498
27.951720
29.900313
35.371670
35.833687
33.546524
28.230555
20.025070
27.767105
27.020937
27.947005
26.011441
27.225328
30.100380
28.950240
25.927686
16.788208
19.683069
26.548404
29.316600
31.156864
33.524422
34.235470
33.199570
34.092624
36.875345
37.476864
37.121321
35.792362
31.038185
29.089647
28.454628
30.631270
32.211824
33.824111
32.696176
28.988231
22.622170
24.239928
25.119554
8.201689
16.892116
22.321262
26.535551
27.693557
26.337763
29.386286
31.560352
32.827877
31.780532
30.672747
29.985722
27.957755
22.831153
27.506159
25.232879
27.493854
26.373968
26.572436
25.221079
27.414447
25.146269
13.165189
21.719392
20.008085
25.398792
30.118166
29.754186
30.153586
31.579714
30.389953
28.341016
32.677859
32.051577
30.997170
23.770375
23.545811
25.643046
26.349759
28.330258
22.939727
24.905306
28.503439
26.356941
20.703995
22.189382
15.704307
22.326866
29.490815
32.343522
31.586229
30.996894
29.689971
28.201689
27.989556
18.564768
24.987493
26.292231
17.124908
13.415712
25.338050
29.339128
32.327750
33.042512
30.218658
25.936841
12.302804
23.227085
25.257273
4.944919
26.620501
30.377939
29.560243
30.514943
31.204611
28.137413
28.872932
30.068244
29.573554
30.016800
28.262069
23.526533
25.322176
26.690211
23.175671
13.255809
14.985437
18.410000
27.243886
27.534849
26.097655
32.126152
32.688597
25.408433
25.942711
29.037999
28.061875
22.978698
12.105319
23.432159
24.361912
23.121144
19.478952
22.282981
23.581892
25.512045
25.790800
23.016259
21.756093
13.609330
21.036506
26.891105
29.811126
32.272042
30.276785
20.489648
-4.357153
12.949004
21.738220
25.454485
24.326666
14.282037
24.589973
21.530410
4.939350
13.056524
11.923657
3.242033
7.649695
13.361496
25.226098
27.850998
28.532146
26.321137
29.052771
29.148073
28.963639
28.930207
26.102300
23.163210
23.548486
21.102266
17.281584
15.892752
11.452910
6.881548
9.507383
7.998531
14.800898
16.990630
23.557678
24.283458
26.827225
15.902114
19.817133
11.640253
22.164333
19.932307
19.430680
24.561365
22.862542
24.605326
27.084479
21.886756
11.100500
18.127233
20.770544
18.799367
20.225781
24.422774
26.435629
22.510660
23.657615
28.409374
26.076346
24.133282
27.633482
32.057237
27.978131
27.459782
27.259631
25.955568
23.356986
29.350514
28.409185
28.667231
22.559386
28.303950
29.515724
28.097813
25.784013
18.504971
26.677422
30.190035
30.417014
26.955668
29.059769
26.320790
28.334928
26.621977
17.161680
23.468448
19.449148
18.417544
28.342977
30.559445
26.369116
21.588645
17.260106
18.539540
21.174269
20.701225
22.858557
24.090476
29.503970
26.965704
9.276808
21.033343
21.594885
15.154881
19.161516
5.796087
22.004597
25.174135
19.310225
25.590118
28.395305
30.786084
30.867367
25.673820
17.606030
25.585829
25.692453
25.778297
20.084232
13.725301
22.565588
26.082228
22.118034
15.760968
20.882462
17.366132
18.801311
24.605153
11.720012
22.778123
17.683862
24.400106
26.044659
15.347403
22.394279
20.541941
14.835048
17.482505
23.803171
21.778820
21.718612
28.683889
30.182297
24.774771
26.490434
26.114919
23.077690
21.968426
18.001071
21.513336
25.599774
24.681395
23.318471
25.533234
27.332705
28.935839
30.779307
30.942882
29.471761
28.513839
25.369232
27.927916
23.074882
17.223967
14.223597
22.422024
17.412256
26.280852
25.132618
22.683061
28.190936
27.084177
26.988962
23.467485
23.581539
17.479879
18.825781
19.154483
-5.240175
22.578963
26.058306
24.285972
24.650108
25.530235
23.881981
26.105103
24.428287
14.737837
20.404042
11.775459
16.845560
20.174931
16.714928
15.417031
18.155873
25.272756
19.977112
20.528182
19.454446
21.385296
23.638516
20.585724
21.691290
24.291010
26.657992
20.800680
23.489407
23.409420
16.572108
23.972399
24.793337
28.092230
26.522960
13.376175
27.950019
31.069806
29.156426
29.284328
28.763978
21.544174
24.044698
28.830687
27.912311
26.945670
22.829895
27.172027
28.600419
21.184189
24.258366
29.438307
27.620403
22.371960
17.238841
21.122760
23.239443
21.636944
24.109276
26.094937
24.571526
22.222314
21.728228
21.661893
12.668226
12.961103
3.874264
17.784182
20.948208
21.262020
21.142061
21.040315
20.617774
19.887557
18.439064
20.903394
22.163794
27.100024
27.928731
22.440572
25.603724
21.924340
24.170731
18.208306
18.880419
19.361830
18.848651
14.765721
15.687274
15.163856
26.534166
26.225539
21.953376
22.577418
13.684667
21.912581
12.380920
21.821582
24.052309
24.351109
24.689491
21.635488
13.620849
1.418632
-3.994373
15.107634
24.227368
27.558261
24.974130
23.957903
25.065179
23.299796
17.637214
20.185016
16.349004
-0.343455
12.544883
22.103154
21.855153
18.249496
17.279154
22.210551
17.774668
13.517048
13.249227
19.879865
8.095528
15.239454
14.519673
21.345118
18.286087
12.601186
4.399960
11.964315
20.533507
20.255094
12.433438
9.690081
14.107136
16.595715
18.577472
20.775423
22.239523
21.347546
10.447241
19.043569
24.951318
22.633640
18.192610
24.921737
29.155891
26.375516
22.180478
6.488773
19.790268
18.923010
25.103557
22.191624
10.980178
22.528044
27.297545
24.968676
15.108512
19.133936
21.843492
23.627428
15.129006
19.550026
19.867135
10.605816
16.937939
19.888420
18.816018
18.978006
13.347338
3.644957
14.064340
14.832512
12.444432
19.112268
23.014580
17.413115
20.149144
19.538484
25.547370
25.790633
25.825840
27.990064
26.686128
21.627583
25.125249
25.312122
20.289872
19.774004
20.391909
12.202565
22.004675
22.596223
14.625809
23.731094
25.610880
18.472299
20.653320
18.731257
8.841760
19.432666
23.364318
28.398097
28.473186
26.234999
25.114081
9.665224
22.502664
21.280922
10.961713
18.133519
19.774033
22.174786
27.264796
28.446791
29.061826
28.904252
25.005414
16.594944
17.471432
16.010246
20.920249
27.745436
29.904672
27.565718
23.673488
19.999050
8.664496
11.145771
17.662365
23.903323
28.169418
28.840870
26.897315
27.543364
22.973230
7.829689
26.256921
27.297671
20.666823
8.885301
12.223431
17.476027
10.619769
9.122225
16.157176
20.087057
19.717124
17.110809
18.563300
26.054902
29.306683
23.878151
22.090825
18.036394
16.041770
19.743426
15.951145
23.802658
19.886004
24.317651
25.213534
20.515885
20.714966
14.982427
16.599681
23.489525
27.063998
28.811825
25.956394
21.956010
21.665086
19.460331
20.879897
17.541967
21.351705
18.972206
20.600722
17.924962
18.794631
15.139734
18.239611
21.050768
24.606103
22.155947
16.320878
17.034544
15.255015
6.943389
21.687803
26.567446
22.806663
19.133670
23.332259
24.453237
21.542894
25.002944
26.507182
21.351608
14.018593
24.765535
25.380453
26.755244
24.778322
20.150860
8.982724
19.265903
20.040839
20.956155
22.439195
12.139187
20.870088
26.134478
27.090047
23.274755
20.127690
23.158219
23.119413
23.129018
22.486410
24.643118
23.781322
15.397373
26.965980
27.489440
27.261132
27.563967
29.227739
28.408677
22.236804
24.901976
25.789960
19.353055
-1.775809
21.460166
24.104811
22.357655
15.382354
15.786037
20.845981
23.405247
24.085766
15.355799
19.905810
24.565894
26.113336
24.621922
25.174379
27.667526
21.767081
19.875716
24.630587
24.998414
21.189980
16.717567
8.556015
12.477096
8.440783
11.936692
16.469052
21.728301
20.986397
17.597750
7.288666
12.804411
15.236707
16.138656
-1.027274
16.049945
20.477578
16.830352
15.743835
13.506723
25.113488
26.178077
9.827815
25.045836
22.921485
20.586662
17.712913
20.329812
22.168827
22.872379
21.389401
19.107906
8.026187
25.209547
21.266254
28.014306
21.914339
28.167499
25.257051
22.932632
17.472642
20.493211
19.671110
17.670315
22.072731
21.813179
18.024387
23.811531
24.147418
25.175114
15.870857
12.073374
21.644521
24.591956
28.964797
29.291438
17.965922
24.052277
23.980892
28.065798
19.973867
23.939787
25.173382
18.034053
21.220150
5.978321
20.668956
20.865371
25.589035
24.604120
17.220828
13.480680
19.482015
18.110745
19.843726
22.020332
20.059368
28.315354
27.717391
27.772781
24.950674
22.306681
25.310352
26.458642
29.977514
30.410613
28.634015
26.346956
25.964850
22.433208
23.141018
27.502133
27.457056
17.840655
25.535077
25.390481
5.732541
18.014596
16.096698
28.838368
30.715094
28.190798
26.649904
25.993194
27.610422
29.197652
26.981441
30.744935
31.092186
23.592640
20.289061
22.893977
24.923341
20.219675
16.324646
24.653260
26.856786
29.135415
32.515289
31.343540
27.961966
26.024009
18.582312
23.583892
29.911596
30.664432
31.799498
33.889904
34.482640
34.338652
31.066117
24.148758
19.996343
24.834453
29.476461
30.432297
26.510406
18.962345
24.693696
25.448203
19.756185
14.443354
8.047567
19.710736
19.269130
20.432240
27.448797
24.517980
23.554835
27.748175
26.967828
28.156255
24.370655
21.858266
14.414745
18.595800
23.099506
27.993444
26.812390
19.252419
13.612486
21.825469
24.823374
27.679801
21.712460
27.275544
18.463764
22.018130
23.055800
21.612639
19.576349
21.563615
26.084097
26.207051
27.321884
26.105176
23.807631
23.282711
24.564916
21.858710
16.801682
17.757233
8.490369
20.750339
22.489963
23.850311
25.958008
27.436365
28.814790
24.929944
22.377845
25.457210
26.592832
20.269164
12.301371
21.369785
24.170927
23.991696
24.915298
26.667614
27.732401
20.742527
22.421887
19.106766
21.864064
21.267055
14.203449
19.762315
23.110773
22.505803
23.155461
26.735591
28.794673
27.352437
25.795469
25.487138
25.098725
23.000557
20.148876
19.946152
23.169380
21.926484
28.324154
24.014865
12.675979
20.754573
18.327958
18.749802
20.458612
15.618813
7.122012
17.018010
23.219113
21.894997
9.557083
18.831198
12.760222
22.717267
26.693346
21.615513
17.081185
19.556768
18.857252
17.582054
19.837402
21.584367
20.791279
22.298297
22.205751
20.714746
25.153279
25.885149
21.279048
19.933600
27.742792
30.479402
25.286884
14.886046
26.018090
23.614314
27.712473
32.496018
32.279472
29.849162
29.110890
30.147253
27.986522
31.636687
33.146420
29.515000
26.382533
27.771898
30.010548
31.117402
31.725847
33.089386
29.976249
28.961183
33.125729
33.070830
30.697301
27.709527
28.236270
29.384804
28.406207
25.640448
17.772381
19.899072
17.257554
26.158383
24.079805
8.287364
20.214880
22.728384
21.366212
23.405477
24.605725
26.999428
27.336933
27.485745
28.357939
28.033364
25.424243
26.170279
26.645319
27.834856
23.281326
23.537845
22.081882
25.243864
24.289275
18.743069
24.889233
28.743813
28.574302
29.975230
28.911578
30.610858
30.139810
27.724889
25.910465
30.200258
25.626989
23.103802
27.048829
27.638435
24.360290
26.450298
27.571023
30.804963
31.841338
33.031296
33.521501
33.137056
32.777725
33.769887
33.547817
34.063063
32.601353
30.197538
31.920127
26.823582
18.781541
26.314533
29.995975
29.877143
23.904260
15.965452
15.377282
24.891443
28.392008
29.380861
28.437881
25.516633
29.425556
30.613695
28.078020
25.253153
24.498888
26.953384
28.558851
25.993880
7.660576
25.254046
28.405764
29.298970
27.081019
28.352012
29.814786
31.507911
31.995598
22.420434
30.205867
34.271587
32.433357
31.632515
29.909563
25.654464
21.778809
22.507723
30.066782
35.579741
34.819348
28.829228
33.623572
32.376501
23.923878
30.629431
37.010331
37.309367
31.151054
25.291137
34.718538
35.847498
34.534878
29.458511
26.381124
36.430726
37.413611
34.195720
34.582075
29.406978
26.513574
32.899070
31.530254
31.778238
29.392596
10.086003
19.233424
13.309464
25.931856
20.922076
25.023823
28.569053
30.393993
31.340088
27.098022
26.550270
23.967215
23.916064
21.113743
22.801499
24.501071
27.750986
19.326740
28.530095
29.778692
29.772151
30.935169
25.010486
28.482864
26.313346
21.400100
21.133917
18.223753
23.794986
24.763739
25.492259
20.970986
20.143562
25.114423
30.448180
27.129320
28.659328
31.732659
29.697970
27.498019
24.008154
30.178834
26.779092
29.221950
29.895636
27.374516
32.117967
30.884701
32.745878
30.675838
32.902327
29.820214
27.456783
29.528350
26.022324
31.150125
29.850908
26.707981
30.108473
28.708554
29.777303
28.338709
26.082431
23.970020
23.380749
13.179360
24.137949
28.971991
25.250142
23.203695
24.633202
18.300065
17.602326
14.167285
12.433597
24.055131
23.823944
22.976033
16.853354
26.669725
26.182675
22.135202
4.721784
20.741055
22.507022
24.264840
24.552910
12.954235
31.482544
35.298996
32.332101
21.851844
34.697429
34.857814
34.029137
37.074377
35.912803
28.263216
33.406551
35.351288
32.430632
20.500456
23.564675
32.162040
36.649290
31.321877
31.105170
38.442856
36.623522
22.065528
27.887503
31.875898
33.354599
31.663043
19.289501
31.106314
32.899989
36.187345
35.239730
21.215020
31.427551
30.682408
28.533558
34.514438
30.060158
21.981843
26.286625
27.734234
33.700910
29.041018
26.114943
27.162002
25.160828
34.512799
30.592787
23.297480
27.171485
15.351298
24.031743
26.725173
25.086111
18.125884
14.711388
26.332517
30.379687
20.527649
30.110843
27.187277
23.418098
27.741839
22.883067
31.198319
20.560495
31.020256
30.696409
23.916720
32.853625
30.267054
29.911132
28.419012
31.292972
31.769693
24.714247
32.991569
32.693898
26.584406
35.258684
32.779618
35.869094
32.580052
34.848235
37.271789
30.942061
37.128488
31.372026
36.654974
36.689009
37.043285
39.712718
34.565976
37.209054
35.492286
32.288855
36.634473
31.323529
35.484953
31.507336
30.436603
29.146779
21.648760
26.619340
12.016820
24.838973
25.354637
5.453708
25.759891
23.478792
25.811989
32.105982
23.348017
28.118901
19.908046
25.785198
27.422094
19.996267
29.676584
29.682044
30.384282
22.186256
21.207785
27.717340
30.289862
31.534239
27.760131
23.187961
-1.080306
30.475788
35.236528
30.885387
22.129647
36.522328
40.041874
38.869774
35.977954
31.896927
32.339444
39.630819
41.698616
40.832078
38.391717
33.513339
28.904865
25.860325
27.994139
36.559199
38.649521
39.277364
39.465787
38.747004
37.938598
36.778183
36.167960
34.719182
30.214548
27.511809
33.440191
35.389922
32.124357
30.916058
30.068097
28.591189
33.809511
28.139616
24.564658
22.666976
27.648232
32.639342
30.518024
18.501250
22.417969
20.451019
32.892750
29.016548
28.179340
29.813540
22.796027
28.942787
25.219641
30.179600
26.720395
23.505189
27.040969
32.068334
15.926955
29.547471
26.319311
17.843174
29.524875
26.174574
28.331512
30.113333
26.657202
29.679639
29.839599
33.916826
25.610445
27.620596
18.929080
23.890651
27.726884
27.274985
23.549926
30.278910
16.595322
32.002833
22.163581
31.384791
33.944209
22.033045
30.541601
15.823396
35.704886
32.125459
28.072023
29.213236
26.566594
29.277376
34.696306
24.753542
34.492490
23.996901
28.779252
25.210417
15.750396
28.001660
22.623902
22.456112
25.079752
18.758285
29.038504
13.042871
27.602838
20.324826
22.957448
26.727761
12.419520
31.121787
25.957316
25.080905
25.691195
16.973469
23.112681
8.301455
27.189465
28.954286
25.418290
21.212200
27.296311
23.598497
23.609611
23.817197
25.459936
25.602402
25.318022
24.037690
27.827297
24.077691
21.077636
16.091394
17.839798
28.400439
28.141672
21.918966
24.981822
16.957914
16.227681
22.518450
14.587078
17.750921
21.707309
14.089800
25.519922
29.068975
29.374524
25.850346
14.348977
28.481182
31.167218
32.368300
29.176931
26.823168
9.193189
28.487459
27.871444
26.189980
25.392364
12.877295
9.021574
19.187121
28.161051
29.557267
30.320542
28.615268
24.271146
22.050997
24.010041
24.907523
19.715968
15.703088
21.853116
23.688419
20.352671
25.504240
30.056653
29.114773
31.809671
30.543978
28.640381
27.554527
23.448227
21.470655
19.801986
13.561447
17.210466
21.802532
14.159797
26.914765
29.179316
29.161014
30.577064
28.631464
24.779895
30.578203
32.066826
29.317006
30.391938
27.787464
29.783709
30.366642
28.515614
21.387076
19.639649
13.309852
16.037000
21.109233
21.484499
29.953972
29.815655
26.351058
30.255620
30.118112
27.408671
30.766253
30.405266
26.160838
23.257600
21.940524
24.912386
30.142074
32.116183
28.330942
24.188970
15.848016
22.311641
19.450777
22.255731
25.421297
1.415775
24.893820
22.719240
22.069973
25.320669
10.547319
9.819430
20.918690
19.610794
27.327481
24.957069
16.136903
14.709343
14.237231
26.463999
27.694530
10.344644
17.330867
21.574991
18.604920
23.662139
25.551622
24.677641
26.741608
29.693084
30.454124
25.359457
10.665430
22.944181
31.179802
33.925717
30.418087
20.503646
16.361687
24.413911
29.007324
29.711101
27.829959
21.222651
29.176123
31.804499
27.913730
22.302379
27.539825
32.298516
35.105113
34.277978
29.619094
21.884747
13.184622
25.723386
30.421225
30.273576
27.057490
24.630104
17.674121
18.237854
24.629696
27.492581
25.657159
23.544159
20.184713
20.252901
23.894233
23.778265
20.622973
22.967813
27.167774
28.763609
26.756111
26.684937
23.569648
6.697010
16.044905
14.349572
15.161978
23.982256
25.823602
21.643412
9.186885
20.582059
14.944755
23.207785
24.240687
17.957340
24.062717
20.220105
15.085909
20.557127
25.377965
10.646625
23.152771
22.361607
16.457962
13.757661
20.977794
14.132330
11.346430
13.140011
9.666872
21.811306
26.363865
21.985520
20.803064
26.487102
26.353269
24.369834
25.496768
28.622638
27.851157
31.109030
29.870878
21.880294
23.695077
23.781555
29.297349
31.166394
30.044035
27.154312
7.206261
23.381504
27.813111
22.568266
21.682161
23.774549
20.911923
21.120454
15.679144
24.984259
25.813185
27.114658
18.867037
23.812612
28.155593
21.573996
23.584163
23.675800
22.732553
23.028826
14.107777
22.437302
18.396852
12.165644
17.696453
21.709119
24.535005
18.669305
20.407025
28.759873
31.601212
30.912831
29.615532
23.059343
10.133673
13.683406
17.962965
22.311416
27.942730
30.744043
29.425648
28.429533
26.543411
16.953330
29.641793
27.903899
26.947984
30.177747
30.509971
27.840968
26.150719
24.942828
27.856983
28.838506
28.976194
26.756766
23.946408
27.675042
26.569610
20.364651
16.339251
23.774545
26.626755
21.363053
20.075119
12.986006
17.323029
18.034415
19.752993
12.052184
20.267991
24.793695
26.363593
26.753142
27.674664
26.971956
28.011928
28.459859
27.990245
24.849845
22.060980
25.692553
28.044097
26.226989
24.273771
20.680451
-2.009872
17.474915
13.461643
21.504258
27.649918
27.393183
21.364688
4.016802
5.107061
22.977324
30.302302
31.343666
27.172562
26.448931
30.282552
27.674096
20.922860
28.424234
31.265726
25.216085
26.137763
30.790355
25.742002
21.061068
27.107058
30.597059
30.761911
29.481329
29.554317
28.918163
26.897958
30.064798
27.306100
29.318193
29.646685
17.879222
30.735980
32.170544
31.015546
26.424449
12.774551
24.219891
23.729895
24.893145
26.273004
21.519091
22.272034
27.202210
21.723152
25.300710
25.539529
25.385292
27.527805
20.680981
21.884607
24.027885
16.950971
16.721641
12.948516
24.352912
24.374408
15.859170
19.584248
24.472023
29.580268
23.439684
22.548706
27.146295
28.632642
26.591011
29.215859
27.821875
14.586033
23.938213
17.275329
23.039916
15.920203
16.155637
23.273903
27.182721
26.992326
25.751472
21.543442
25.543806
26.532943
25.133057
25.620378
23.642489
21.031736
27.056547
28.205622
18.915566
25.717257
27.752445
7.418417
19.094452
24.504957
26.467716
20.183681
25.555943
22.974943
25.766440
28.753872
13.982007
21.913636
19.022819
14.717002
15.922926
13.974284
24.258194
28.364974
22.533354
28.681473
30.315830
23.521686
13.695870
16.084726
22.135742
23.364962
24.820754
19.664857
13.963482
25.845196
31.147457
32.011839
31.117757
32.275380
30.514951
30.016070
29.647613
29.403538
27.779653
28.670373
31.204504
30.631037
26.793279
15.104362
18.409932
26.699792
29.705523
26.603812
24.960819
27.151187
21.221884
1.663005
20.560544
25.152454
22.007576
25.384368
17.429561
25.804554
25.977485
20.275592
24.349031
30.811754
31.384193
25.561817
20.430700
28.057922
29.553195
30.380690
23.406706
27.601148
28.781757
28.999678
18.718703
18.046712
20.898223
7.940571
17.499810
17.749007
16.151584
24.302212
20.766572
17.207650
21.224395
19.472512
20.272522
26.890480
22.740806
25.419097
24.678399
21.870761
12.178686
15.982960
15.391532
27.748446
28.145209
19.421791
29.711844
30.727459
30.070749
29.627336
26.893701
24.930183
23.806433
17.646586
27.664098
27.552818
25.913928
29.283436
26.738832
26.667125
26.516046
29.677713
32.305371
28.494873
28.977085
29.510836
19.422912
19.668870
18.537004
20.164858
23.212381
20.047163
12.228442
19.548715
18.876448
22.850605
27.661883
26.517737
25.140546
30.047522
28.603634
30.568840
33.069064
30.318691
25.127850
26.223686
18.436675
10.307042
16.835943
22.462803
29.847122
29.697951
21.380524
31.693204
32.121199
30.926778
31.772025
31.492841
29.805418
30.667664
33.476752
35.098272
34.778163
34.034630
33.749095
34.083294
34.842083
33.982743
29.317337
22.768190
23.193118
14.538519
19.364470
22.980585
14.509994
25.088857
27.444233
28.702246
25.809687
23.983501
35.468537
37.626595
36.261174
32.499596
29.448614
37.071340
38.867380
38.243425
36.707183
31.411216
21.499599
19.276818
26.043277
33.121372
38.687148
39.451879
36.115169
33.598682
37.410364
39.701122
36.410821
27.865358
21.122749
28.531588
31.524015
31.283893
28.075846
20.748752
23.664911
25.330706
31.441162
21.479498
24.676056
22.435685
29.159365
14.607390
28.090079
16.852582
27.965517
25.029882
15.812974
30.409359
29.900861
26.992043
32.588947
25.415476
24.548667
26.584620
34.016197
29.118013
32.989233
30.425606
34.609152
32.654872
34.171792
34.476860
28.271680
33.424290
27.818688
35.633595
33.668050
38.024840
33.930862
35.888334
34.834856
37.246211
33.716140
36.094564
31.170050
29.023893
31.634733
29.859617
31.361968
36.551464
35.926397
35.414439
32.858297
33.951870
27.984594
30.374611
28.216083
30.898597
30.545790
30.481668
31.251072
34.953552
34.333126
35.234521
36.761068
37.086077
37.207844
35.820619
30.265951
31.024954
30.392342
32.027797
34.489375
37.771862
40.461819
41.638061
42.806623
44.066244
44.209899
44.638092
45.002390
45.817317
45.855666
45.648652
44.926841
44.133927
43.051460
41.785097
41.213416
41.570798
41.217525
38.557708
32.607376
28.437005
31.156651
33.676355
35.764332
36.055199
36.577186
38.997569
41.138722
41.709019
37.860656
34.472616
42.518295
45.392583
44.642069
37.847518
35.250703
45.574103
49.115304
49.564516
46.930335
40.602114
30.151401
36.731953
41.734063
45.456809
48.312126
49.642897
49.476828
47.573987
44.415541
43.934674
45.658123
45.638966
42.713723
37.284407
38.062487
41.414476
40.165205
33.983431
21.016718
34.870780
37.555495
35.276396
28.899525
30.470350
37.479429
36.128085
20.661119
30.971853
30.425215
32.097805
30.086548
18.291671
25.509564
30.345227
24.037423
29.974241
31.463279
27.609056
21.816514
34.746452
32.978185
26.848525
33.503215
29.811770
32.371356
28.372679
32.897138
25.727302
32.819229
29.258513
31.609730
29.979037
29.781149
28.618393
28.630141
29.550141
26.718470
25.591034
19.963959
19.335978
18.538555
13.915685
26.684316
14.497506
27.727405
17.053667
24.139835
23.584137
24.710366
25.373170
21.058778
27.197335
18.529310
17.826472
25.949809
27.277096
22.717905
22.073082
27.441788
25.778207
25.160326
19.819916
27.552161
23.194706
24.468940
13.988739
21.464359
27.428511
30.589447
28.342819
30.200060
27.966067
30.875783
32.674302
34.389201
33.750672
32.826781
29.327431
26.997442
27.969378
28.018812
27.348802
28.044309
27.385397
23.329860
26.854655
29.197585
28.488945
26.789963
13.781442
8.114790
25.053004
31.651999
30.384419
27.849630
27.664966
25.213630
24.609571
30.902087
30.360716
23.541815
26.753331
33.549065
35.470548
35.746536
34.436239
28.172419
26.602979
31.186294
31.330738
32.909605
33.902702
35.106359
34.808476
32.813130
30.653120
26.996027
25.625294
32.112251
33.515581
29.704931
20.002282
25.967355
29.138838
25.473867
21.783477
26.534623
25.935170
19.529216
23.903876
12.140341
26.665187
22.219059
28.213348
30.637893
19.185782
21.665284
25.988774
29.129463
21.446086
26.020329
24.011513
17.855337
23.468501
12.844785
24.656350
21.394813
29.591560
20.735481
28.474976
24.450275
29.539513
29.606346
25.802999
28.363994
25.075671
31.722291
25.620230
30.455577
25.292659
28.542997
26.114664
24.262002
15.786898
30.146943
22.510752
27.441616
20.269438
21.432005
13.203697
11.392816
22.556306
27.388091
28.115837
26.212685
13.917754
20.575003
11.368309
20.043729
23.387021
16.230408
20.088816
25.483474
24.912843
24.656458
26.851066
26.807110
25.412648
26.026648
24.386669
28.753114
26.467033
31.063150
32.370911
32.833115
30.873622
29.802867
23.842658
29.390068
29.628373
31.282145
33.138494
31.835747
32.023988
28.885236
29.549495
28.612674
30.727148
30.292784
24.823501
24.411752
15.617509
10.027405
17.273979
21.675403
10.482737
19.088006
20.920366
23.787526
26.394670
28.409933
25.107807
23.065760
25.203102
22.340886
27.075376
25.729168
30.320555
30.387495
28.350217
34.979426
35.945096
34.448650
34.953260
32.735358
28.133982
35.734869
39.407886
39.887476
37.204600
34.291824
36.537795
39.372827
38.633301
33.943883
27.642446
32.100672
36.087367
35.150026
32.265815
28.055391
27.553592
28.838804
26.662270
24.229978
28.405698
32.423073
27.564297
15.062914
20.566428
16.723197
20.579986
29.183308
27.984707
12.804166
25.299304
28.885801
26.242146
20.695859
26.435207
27.018059
29.172567
31.152137
27.139838
9.800623
22.810529
25.385247
26.239458
27.896500
27.312231
21.391758
30.361773
27.637729
26.325875
28.931314
23.186124
31.733856
29.178347
28.661129
31.594505
28.284739
30.693494
26.546808
25.891306
17.058295
27.701118
23.954176
24.334596
21.690913
23.101585
21.173872
23.714847
16.934718
22.599745
20.950396
23.305281
23.631820
27.515784
21.378308
21.170928
21.439241
21.217167
17.536031
21.475326
20.383194
22.400749
21.691083
20.667563
20.449137
23.852453
22.858899
24.330588
25.271504
24.995958
23.128322
21.972370
19.815057
21.836146
22.731755
25.807243
25.703163
23.494159
23.304378
15.016536
18.326910
21.280233
21.647630
22.092051
5.066610
18.285031
20.606472
21.109153
20.954424
25.793879
17.719616
17.801223
12.127233
21.273008
20.811998
17.560207
19.626342
24.152813
25.433054
22.368298
15.540349
18.172070
25.549671
25.320787
23.031651
23.313963
24.754663
25.435818
21.520988
25.907337
22.137799
27.596849
31.480586
29.998063
19.471541
20.521599
22.017789
20.789431
1.661874
16.556932
10.212013
22.318382
23.832259
19.555075
19.643218
24.605820
20.011373
-1.669872
13.000533
13.342479
9.434844
20.813470
19.127075
18.746821
26.727305
21.365739
18.272936
21.068376
18.495568
19.400540
7.684716
7.821900
12.537737
8.176832
15.302330
18.246585
18.228728
19.803238
17.973566
23.015698
21.279780
12.155590
22.823027
20.186231
22.442107
18.495008
16.439925
10.868336
11.881645
9.075072
20.028264
21.140644
20.844653
19.754626
16.985555
20.533728
21.291615
16.059522
14.674440
13.825282
12.286259
6.349688
12.577302
15.382874
20.281972
21.484475
17.548111
5.495897
7.317976
17.784629
18.818802
15.650578
11.431756
5.466236
5.954546
18.233021
20.450477
19.151213
20.634979
18.212119
8.561527
16.458105
15.315350
20.745956
21.942599
16.807153
18.931823
19.474167
14.513921
12.946826
9.041199
12.474662
14.167881
12.939506
19.280869
17.437223
7.429049
1.614253
16.465582
19.539179
19.305270
18.733031
8.997725
9.862449
8.922185
13.795464
17.273231
11.825038
12.506569
14.534599
15.368374
12.919212
19.765285
19.866543
5.810729
10.114379
5.349125
15.347274
16.422857
13.993455
14.605400
13.649693
-2.702617
1.758659
10.584003
17.380062
19.345065
19.897259
21.853218
24.699405
24.605468
21.396464
13.250637
1.893806
8.728001
16.779582
16.453666
11.737772
10.998846
-4.382675
13.564556
18.442468
21.299860
18.653052
11.230857
13.737531
15.344180
12.556423
8.472241
12.449319
8.247620
12.269738
-11.595465
5.126699
6.099931
13.803441
13.631922
18.686855
17.777708
18.156662
19.238262
18.387739
18.805519
18.569705
19.883225
17.322290
15.807516
17.576903
20.471964
20.293240
20.731176
18.363536
19.521429
19.532688
17.038436
20.440114
14.685754
13.235472
20.146871
15.603266
12.019848
15.355080
11.935673
17.717030
17.097341
-2.974245
16.772101
18.609199
12.952021
6.892875
7.811931
16.404792
19.361018
17.802505
17.147204
13.356144
5.459107
17.231897
19.510813
9.417302
17.991963
18.690067
15.013651
16.340093
17.659339
16.324505
18.538578
18.715269
15.536947
17.750927
19.663517
13.185314
17.546821
16.835335
17.407163
21.271217
22.050262
19.068124
18.992150
17.111800
7.275500
6.174975
7.714394
11.948193
16.587584
12.860961
13.217615
6.101460
13.878935
13.814848
18.613336
18.704088
17.321603
16.725531
12.453290
11.327185
4.152885
7.128684
9.256148
4.191703
9.198276
9.467496
12.814789
17.000167
18.070810
19.680852
15.980329
-5.901247
13.906893
14.357730
5.937147
8.826970
8.603164
14.714690
6.030321
11.715236
12.998483
13.553508
13.669497
13.368046
14.150954
13.893035
14.082207
18.261213
18.703964
9.766781
18.025724
18.346670
15.521274
15.194423
-4.035809
12.699180
10.475092
4.773462
15.310241
15.161248
15.190070
13.820845
16.505705
20.525283
16.800242
10.775028
6.885888
-5.280825
3.156498
8.579606
11.252050
11.251034
12.876196
1.268396
16.776318
16.684920
12.213944
0.802729
11.601629
3.530114
9.915656
14.424608
13.386814
17.996360
19.926069
19.329448
17.058319
13.568749
14.900314
17.051261
13.283399
0.013107
14.381839
16.017401
13.616855
13.146130
16.955486
15.353176
11.647956
9.284029
2.427706
11.967131
20.181052
22.609810
20.690249
18.238041
12.109224
13.302611
15.350806
16.868287
17.688675
17.650565
15.964151
17.897350
22.227651
22.664906
20.892995
17.843779
17.766749
18.234695
15.469406
15.466631
13.688806
14.409255
12.290663
14.453716
13.415275
2.068098
14.944158
17.131512
18.257564
17.480451
18.210525
18.215813
13.258372
14.242991
-2.439401
15.903014
17.275106
13.615269
8.098500
-0.815138
9.012565
14.463162
15.498782
15.651069
12.188678
0.628899
10.792260
16.498596
13.214412
13.271957
14.966811
15.212294
10.986300
7.714862
11.360326
15.227930
15.162933
11.733858
1.154502
-3.202136
2.725915
5.550984
8.327472
9.273956
8.635925
2.877847
0.857695
5.766152
7.578728
7.543917
14.351679
8.530013
10.297105
14.263475
13.245344
10.776504
1.959064
7.872725
9.250855
13.474132
15.908643
17.020764
16.192831
12.317657
8.596606
-7.148971
4.986219
8.665900
12.565100
14.564036
12.369165
10.170936
7.588296
1.037890
12.296863
12.690558
11.909727
11.646590
2.232351
8.971472
12.424175
8.355329
8.230702
15.112171
16.386670
16.578015
17.902635
16.311725
13.877392
17.190459
19.608600
20.772886
23.071925
23.201716
20.302964
18.501768
18.748349
13.794691
17.834688
17.503682
10.473717
11.284458
15.174750
17.738943
20.301665
21.763046
20.167468
13.355210
11.247434
15.279491
15.717686
13.985641
2.679135
12.909380
16.432159
15.851264
9.390199
9.111662
10.514735
-7.819562
10.260920
13.758130
13.068782
6.029559
12.844337
13.503267
17.657366
19.142231
17.667559
15.804576
15.430934
15.745825
12.933214
16.228490
17.314927
18.215834
15.123037
12.463469
14.597947
13.349559
1.590387
3.614889
10.421264
16.497495
16.477712
14.685815
10.950398
8.583664
12.104439
10.541790
12.705402
12.155251
4.467635
-1.974889
7.271624
10.385486
10.088456
15.056056
19.242271
17.977460
15.704968
11.043617
10.469892
7.006723
12.411675
11.697180
11.706939
10.763458
10.996202
11.032877
13.725318
11.914336
13.782818
13.165042
13.412653
16.040505
13.696596
6.595162
3.007978
9.354062
7.322527
6.102309
12.264367
12.869418
13.262406
15.306063
17.047208
16.684737
17.382419
19.866501
18.995991
17.663835
17.238332
16.365397
19.985283
20.049355
15.294831
2.091948
8.277900
4.953321
1.300254
-6.958391
11.382895
14.699919
15.459952
15.758459
14.739974
8.226211
5.857897
10.598767
13.841303
17.464304
16.769576
13.824276
10.164598
9.587430
10.865568
16.809218
19.295463
16.979418
15.291049
12.834715
11.127941
11.436316
17.207362
13.967416
-0.264121
10.449270
4.214796
17.927430
19.026343
15.488286
16.337752
19.252211
16.035155
6.301211
14.814771
15.103201
12.748109
13.259366
12.382265
2.247241
9.354395
8.937391
2.774400
12.888564
13.979867
12.902439
10.551002
-7.155195
7.428740
7.137410
1.591554
2.646905
2.622216
5.218620
2.693267
4.384571
2.474786
2.528318
4.773690
3.801820
6.001233
10.701661
12.610398
13.659988
12.251653
12.495658
6.782283
11.012471
12.833932
11.835347
10.344958
11.081306
8.410893
8.728239
4.409272
6.674399
2.645754
5.750442
-6.887963
1.604486
-4.091646
-6.161825
2.482465
11.946485
9.437388
11.176565
13.276564
12.068566
6.833933
13.705855
4.548976
4.423507
4.483017
11.573485
9.737130
7.310103
4.364331
3.917303
8.080378
3.600070
12.206672
7.136418
10.774674
8.540509
7.401146
1.468263
8.985881
12.243698
14.137384
13.813160
13.449094
15.485382
17.686318
13.834915
10.468801
11.155610
8.113245
5.254775
7.212966
8.812072
10.095814
14.119677
9.678564
8.158073
7.487087
12.909039
10.200996
7.139058
13.085463
3.774781
7.601313
9.183140
12.034274
12.296959
19.350594
19.297385
18.282818
19.043708
17.677865
16.462767
13.810536
9.779186
7.880222
12.937635
11.805834
9.840531
13.037054
14.174545
13.360288
12.110061
1.041930
14.528715
10.849991
17.369488
19.224863
15.579360
4.426998
16.797691
17.416958
13.240401
9.960108
13.684545
15.016606
15.920250
11.060482
4.391559
13.640670
12.929228
6.718622
1.402563
9.533293
15.279255
14.845703
7.381529
2.369973
-6.324843
-5.542167
4.134530
15.700304
17.728506
10.090097
5.370683
8.673801
11.921064
13.117276
11.776790
1.463592
2.221631
11.265946
13.439050
15.587390
14.483020
14.659487
13.294144
10.054575
-1.698396
13.063582
16.050693
13.704938
10.064894
12.123696
8.270018
0.515647
-1.998963
0.537001
-1.998946
7.985770
5.476641
13.231202
14.186244
10.380111
8.358743
5.616750
2.183320
10.484673
12.375642
12.535067
7.579298
11.199402
13.264548
16.533669
11.869057
14.861875
12.647809
12.792738
7.236407
7.342617
9.474473
10.397465
13.826920
12.378226
12.723963
7.688430
-4.230286
-0.403258
7.861291
11.454601
6.850236
4.735249
4.685652
-2.437239
5.806823
10.624519
8.120642
11.545187
7.321188
-8.245239
1.989428
8.692272
7.898131
14.631992
16.054573
15.631021
15.599117
17.732698
15.920678
15.933825
16.106485
11.182985
4.944361
-1.574116
7.686789
13.117870
13.414545
14.876767
13.358626
10.140189
12.644308
13.498607
10.966908
10.276382
0.274437
12.346855
16.224061
15.859600
14.282525
10.645573
6.809372
3.134591
12.594940
5.593645
9.476003
1.318224
14.210555
19.578972
18.696762
9.049268
10.755148
15.686464
12.917613
-3.902277
4.088766
2.620511
7.685039
3.326379
12.457431
12.775115
11.788564
10.888638
2.079936
-4.500374
2.597170
-2.029666
10.875027
14.128337
16.950207
16.031960
17.091500
7.510273
13.674573
11.456363
12.279418
12.971164
10.625838
6.688602
11.854096
8.957265
9.453255
6.367316
-0.481909
-2.510373
5.050246
8.739943
10.410206
14.987931
17.249295
13.269754
11.303968
16.813874
14.279397
11.402778
4.232447
5.493955
6.987974
2.324762
2.562724
7.356902
9.977750
11.333518
11.219442
12.790745
13.676727
14.493683
15.599070
16.422988
15.445713
16.673397
14.285336
11.942069
10.413986
12.869855
11.686870
4.258650
9.688472
8.056238
-3.361388
4.744193
2.605276
-2.022929
-1.679107
3.492006
-1.515644
-4.288508
1.485815
5.571226
4.911082
2.881516
4.199462
7.115340
0.118939
5.387883
1.056211
6.353457
0.701564
8.002540
8.801730
8.289307
11.400620
9.367518
3.262937
4.925565
3.772075
2.900064
6.818516
2.549220
-1.271766
4.459656
2.230478
-0.492078
-2.128941
-4.163369
0.439539
-6.710986
2.093523
1.958653
-1.458435
4.868651
2.789377
6.290696
7.764220
5.524638
4.128393
7.555590
9.981535
9.587478
7.457172
8.624496
9.592359
2.855924
3.746212
10.397945
9.946884
1.230960
11.209163
12.937850
10.970044
8.976310
5.466589
3.745224
6.259609
8.233594
8.256483
6.570511
-1.960998
2.637529
6.688553
2.889854
5.207183
2.203289
11.307026
12.918773
4.084278
6.218549
8.026931
-8.877741
6.411693
3.824428
-14.637749
4.384721
10.467014
9.553419
3.152886
-13.103657
-0.767803
2.925115
1.528628
-9.647246
-0.821516
-1.056987
-9.087647
1.206025
-0.998609
-3.371932
1.223775
-0.633417
-15.993912
-5.172389
-0.428526
0.507980
4.886256
8.752080
5.256583
5.287156
-12.103834
6.123589
4.820239
-4.334409
1.542081
0.785913
7.501406
3.903238
8.045742
11.084329
9.245205
9.179954
11.117562
9.643305
10.363606
12.882073
14.104155
11.632808
12.480153
12.291051
10.347863
10.032278
8.858363
11.853463
11.051925
7.843088
8.622539
8.848924
3.801259
2.979518
6.592997
3.542925
-2.798063
4.442429
1.341636
0.179029
8.137698
7.010012
9.582154
9.960512
9.521317
9.551766
5.808450
6.857234
9.728302
4.765366
4.415403
6.070985
-0.853042
-5.874225
-10.309970
0.623484
-3.198872
-9.284613
-0.677667
2.782524
1.588995
-1.456669
0.040740
1.101972
3.028623
-0.865546
4.380213
3.208664
-3.999139
1.085362
5.252061
6.241823
5.814811
-5.680336
-3.604753
2.310491
-1.954198
-6.827629
1.950008
-0.813585
-4.629258
5.142126
5.855126
0.070986
-0.238722
1.476259
0.931284
2.413212
-2.246845
0.270785
6.852896
3.481114
-8.142874
-3.292752
5.455641
5.868248
-1.561033
-0.217941
0.678597
3.887901
6.303718
7.880398
8.707910
8.317504
5.937753
8.119838
8.500751
4.379853
5.896280
4.535104
1.045871
-9.133170
-12.556341
-3.800124
-15.884562
-5.538771
1.108119
4.631182
2.668963
-9.729294
-1.674895
0.519667
-1.724262
0.889071
1.233652
-6.878019
-10.542249
-6.360933
-0.812662
-1.288781
-5.572067
-6.435625
-2.555702
-0.090051
-4.145974
-3.064389
2.754460
3.447726
1.255750
0.268300
3.620462
3.947721
2.776573
4.261083
5.617691
5.409278
-0.425823
3.885653
0.547773
-0.829653
-2.782534
-14.807702
-0.404387
-3.988753
-2.177160
-0.392940
-1.322541
0.980863
-1.707939
-12.498841
-2.155986
0.773157
-5.116443
-2.475784
0.751785
6.393979
3.884704
5.281960
4.031005
-0.990138
-5.909849
-8.127083
1.738316
3.959603
5.349498
7.485443
7.915606
6.360278
2.373226
1.825267
-0.777042
-5.726887
-2.631323
3.178764
1.611612
-2.444124
2.922565
-1.262754
-1.489938
4.927876
4.277504
-7.868050
-3.476950
0.482002
-2.513019
1.703052
3.471442
0.582761
-5.447007
-17.181087
-0.412613
-5.273416
-1.178863
-0.601750
-12.314475
2.652109
4.465263
-1.191140
-1.113131
4.947212
-1.618511
-2.503708
-5.064534
-2.580047
4.197176
1.154065
-7.118428
-2.743182
-3.909663
-5.581802
2.172095
2.691950
4.793805
3.396230
-0.959509
9.326040
7.565306
1.794909
2.969732
-0.374155
5.494297
-5.482546
2.996503
4.364191
-7.211101
-0.681721
2.059960
-0.737867
-14.871312
-0.761332
4.600192
7.069496
4.514556
-5.342508
-1.468361
1.019381
-7.058372
6.344805
7.682910
2.960028
7.004633
6.532692
0.354978
5.444297
-0.653166
0.345585
4.304145
-15.128754
5.261459
5.244572
7.846205
5.428188
0.499063
2.102262
2.309142
4.533133
2.753231
5.312252
5.688905
5.920715
7.609657
8.124346
5.128299
-2.939101
-0.284347
3.443913
5.303091
1.150324
0.046577
3.483693
0.742089
-0.247442
-12.264449
2.930455
2.669862
7.238292
8.701338
3.803970
7.734707
4.497753
7.999333
6.246885
8.540269
10.068731
10.080427
9.893587
10.640387
8.043945
4.771110
2.984480
-0.943789
-8.447843
-5.456141
-1.807524
-6.701987
5.432725
8.612737
8.532162
6.783496
8.021416
9.190893
4.235733
0.313608
-9.049365
-2.227537
0.375875
2.052554
-1.142328
5.512287
3.113754
0.322956
2.044131
-4.764096
0.870183
-6.436569
-4.550548
-3.629668
-6.943804
2.779685
3.916508
2.855905
5.708445
4.288982
3.594187
2.857002
2.735145
7.090562
6.569715
4.911741
3.265531
-0.195140
2.025588
0.752714
-15.872843
-5.261605
-9.226184
-10.317502
-10.366678
-4.976369
-4.928035
-14.492917
-5.638032
-2.073134
-3.924968
-14.803866
-9.849854
-11.830297
-0.726803
-0.486204
-14.306349
-5.270811
-18.486985
-7.199730
-13.656392
-5.722807
-15.637556
-2.628738
-4.229362
-9.921876
-7.101469
-4.284697
-4.141981
-7.729522
-7.903821
-6.723939
-7.132761
-9.441121
-5.974166
-5.803205
-15.376649
-18.522403
-13.319535
-13.988791
-13.085767
-2.209620
-0.788726
0.043559
-1.452450
-2.134862
-1.766968
0.712295
-1.234539
-9.770565
-8.161759
2.800859
3.881596
3.619881
2.857581
-1.396771
-0.732578
0.435471
-2.983412
-18.064098
-13.823854
-13.259648
-3.409186
-4.788313
-1.584619
-0.336228
-0.700680
-5.309332
-2.013039
-5.326107
-7.033232
-12.329995
-5.455429
-16.568098
-9.362707
-12.808777
-6.825890
-8.680632
-8.123657
-5.922064
-10.071497
-9.309301
-9.833094
-8.554706
-8.312023
-7.790503
-8.116987
-6.361785
-4.488644
-11.255627
-10.274217
-16.164852
-11.902624
-9.890280
-17.079322
-7.673734
-13.870138
-7.191730
-8.227337
-12.353175
-7.830841
-10.217417
-8.437271
-7.686131
-4.194838
-9.080497
-12.060608
-8.078036
-13.585183
-8.530122
-8.021389
-10.646859
-9.756576
-23.260912
-11.113753
-12.570072
-17.243978
-11.778748
-11.595707
-8.178521
-22.423826
-11.149900
-13.937104
-11.334135
-11.024299
-8.702567
-12.157407
-9.142597
-10.383935
-19.514990
-10.826502
-15.476850
-18.227230
-22.320865
-27.427163
-15.514434
-13.440875
-19.521871
-14.591906
-14.924536
-14.661061
-14.666425
-27.145362
-16.705833
-17.610729
-18.436574
-20.587635
-18.798557
-19.191251
-17.004543
-23.523117
-20.975654
-22.846207
-22.034797
-24.637201
-24.889723
-21.163549
-18.136890
-21.540097
-24.201091
-17.559551
-17.441224
-17.873641
-17.906013
-20.163141
-20.374132
-17.643826
-18.856147
-16.440702
-17.335336
-14.194233
-13.416526
-12.468460
-10.561682
-22.023267
-14.613149
-19.141561
-17.334884
-15.155971
-14.742977
-18.764876
-18.596953
-24.060373
-21.362719
-19.717924
-25.149041
-24.280685
-27.690430
-32.291881
-24.178278
-26.086563
-21.256829
-19.419589
-19.828754
-18.905340
-19.831357
-20.170332
-20.518964
-20.244322
-20.467700
-21.983364
-21.634264
-22.146868
-24.196555
-25.831630
-25.807327
-24.409142
-25.838765
-28.954826
-28.371094
-35.141772
-32.097001
-30.959012
-35.096024
-46.083105
-43.020746
-40.895594
-35.648803
-38.106808
-50.906909
-40.728222
-35.211529
-31.617273
-36.049816
-36.276387
-48.386230
-41.398994
-36.980210
-31.926695
-38.464813
-44.086886
-46.014014
-49.005108
-47.937111
-45.947410
-48.803574
-61.601963
-53.802997
-53.388839
-46.367567
-43.949797
-41.444960
-41.414223
-38.674265
-37.689679
-40.039077
-42.529251
-46.305730
-50.795100
-47.443712
-41.491411
-44.288618
-50.936335
-45.014384
-48.490001
-45.921130
-48.379666
-57.289487
-55.197198
-58.953605
-55.665997
-61.526450
-48.823204
-49.180023
-57.154399
-62.648946
-61.719045
-67.245660
-62.845062
-68.888206
-86.121075
-71.045125
-58.740278
-55.156347
-58.377252
-62.771000
-68.280325
-68.065039
-59.708998
-62.710041
-74.945099
-84.966233
-72.349793
-63.207693
-65.461034
-74.918883
-80.245407
-78.136328
-87.353188
-77.155098
-87.251350
-79.529679
-81.388870
-79.091168
-82.143135
-83.803331
-87.518966
-87.667893
-91.996402
-89.092685
-102.975417
-104.289467
-106.018584
